"V1","V2","V3","V4","V5","V6","V7"
0,0,0,0,0,0,0
0,2.41517046701797e-06,6.27692689660622e-05,5.2633355939205e-05,5.66763693820907e-06,7.28979548696744e-06,4.48224137300936e-06
0,0,0,8.65522377314282e-07,0,0,0
0,2.86468070150818e-06,6.20126920170072e-05,4.93522862849833e-05,5.0258019470132e-06,7.33171459271167e-06,4.90348144118316e-06
0,0,0,0,0,0,0
0,0,0,1.31591683161525e-06,0,0,0
0,0,0,0,0,0,0
0,0,0,0,0,0,0
0,0,0,0,0,0,0
0,0,0,0,0,0,0
0,0,0,0,0,0,0
0,0,0,0,0,0,0
0,0,0,0,0,0,0
0,0,0,0,0,0,0
0,0,0,0,0,0,0
0,0,0,0,0,0,0
0,0,0,0,0,0,0
0,0,0,0,0,0,0
0,0,0,0,0,0,0
0,0,0,0,0,0,0
0,0,0,0,0,0,0
0,0,0,0,0,0,0
0,0,0,0,0,0,0
0,0,0,0,0,0,0
0,0,0,0,0,0,0
0,0,0,0,0,0,0
0,0,0,0,0,0,0
0,0,0,0,0,0,0
0,0,0,0,0,0,0
0,0,0,0,0,0,0
0,0,0,0,0,0,0
0,0,0,0,0,0,0
0,0,0,0,0,0,0
0,0,0,0,0,0,0
0,0,0,0,0,0,0
0,0,0,0,0,0,0
0,0,0,0,0,0,0
0,0,0,0,0,0,0
0,0,0,0,0,0,0
0,0,0,0,0,0,0
0,0,0,0,0,0,0
0,0,0,0,0,0,0
0,0,0,0,0,0,0
0,0,0,0,0,0,0
0,0,0,0,0,0,0
0,0,0,0,0,0,0
0,0,0,0,0,0,0
0,0,0,0,0,0,0
0,0,0,0,0,0,0
0,2.15921588474649e-05,0.000127716750470772,0.000105259804985473,2.36442013028168e-05,2.91998184046561e-05,2.0516505295108e-05
0,2.41874698444044e-05,0.000189420467694201,0.000172800968829621,5.06672128849995e-05,6.04159355688629e-05,4.1190577723774e-05
0,0.000403522171592006,0.000956026458701025,0.000279746555860506,0.000139015845578145,0.000250156759120859,0.000173493282693545
0,9.55810839485184e-05,0.000270634491708951,0.000202622914799678,6.57173080019708e-05,8.34367347527136e-05,5.937210563346e-05
0,0.00035406839996563,0.000821231975757907,0.000262553339785019,0.000141270071567238,0.000253333051719724,0.000180423436968156
0,7.9906296504525e-05,0.00021369674809435,0.000160257068089875,4.79792756444782e-05,6.60758389032203e-05,4.90717680968548e-05
0,0.000228025444006761,0.000459502184107191,0.000213001348944292,0.000264407879122327,0.000207185912710841,0.000151758493412173
0,0,0,0,0,0,0
0,0,0,0,0,0,0
0,0,0,0,0,0,0
0,0,0,0,0,0,0
0,0,0,0,0,0,0
0,0,0,0,0,0,0
0,0,0,0,0,0,0
0,0.000164426531098073,0.000400688598801245,0.000419532386839543,0.000111446555842733,0.000170595461075751,0.000122703855302543
0,0.000405223619131359,0.000950790284833076,0.000351579941088738,0.00085019616155097,0.000761200832287676,0.000701397275734095
0,0.000299768593160161,0.000802151389344267,0.000238857577627468,0.000247424775618421,0.000175837702142582,0.000133151933804484
0,0.000393214465153443,0.000949059306851937,0.000291925142359902,0.000135903039987658,0.000230320220968188,0.000165221400493668
0,0.00254157187682107,0.00133811959927554,0.0014215394389228,0.00138320239016156,0.00120649845548844,0.00110817951659677
0,0.00264561358786765,0.00136351759382455,0.00119482143075111,0.0010035758166448,0.000873959404579575,0.000799580997860928
0,0.00212803726448488,0.00116283290328097,0.0030616403404618,0.00312322419946342,0.00120118882110735,0.00102867216053055
0,0.00212179016369609,0.00116893181026242,0.00105550566023303,0.000910927475648306,0.000805596513677845,0.000730430806967212
0,0.000487977559136216,0.000360374726510896,0.00108586360789082,0.00115059045218811,0.00101848106458451,0.000929799936945858
0,0.000434883101551698,0.00101370797352452,0.000354427316780156,0.000792175965833795,0.000722210624509419,0.000118155469578379
0,0.000384231856350397,0.000821136636483247,0.000350680493526286,0.000994707035110136,0.000904223137485056,0.000832425052544345
0,0.000503027090778272,0.000334752549607946,0.00104912779233584,0.00113001986261824,0.00100128761111691,0.000921620305737574
0,0,0,0,0,0,0
0,0,0,0,0,0,0
0,0,0,0,0,0,0
0,0,0,0,0,0,0
0,0,0,0,0,0,0
0,0,0,0,0,0,0
0,0,0,0,0,0,0
0,0,0,0,0,0,0
0,0,0,0,0,0,0
0,0,0,0,0,0,0
0,0,7.72739665959357e-06,4.08466554734556e-06,0,0,0
0,3.36503508141276e-06,6.7731552903188e-05,5.26616373620767e-05,5.53301790980565e-06,6.77387693982882e-06,4.18594221573031e-06
0,0,5.05451373109519e-06,3.22506402674292e-06,0,0,0
0,0,0,0,0.00389617476493374,0.00688150782835004,0.011232007751907
0,0,0,0,0.00382732690188951,0.00654839730634414,0.0103232084364594
0,0,0,0,0,0,0
0,0,0,0,0,0,0
0,0,0,0.0086312023249512,0.0576078786921951,0.114946015978215,0.189030803513632
0,0,0,0.0213271675356908,0.0949353259941498,0.173408331187891,0.271769497447113
0,0.000439765651500329,0.00100251844635342,0.000149868819115321,9.05328797635483e-05,9.87446744660554e-05,7.41126148887472e-05
0,5.04097905056393e-05,0.000300361576118523,0.000215418134653327,8.08333180112949e-05,9.39955063236591e-05,7.12182897276272e-05
0,7.15538064984937e-05,0.000225230493740936,0.000133372149397028,3.69965391828984e-05,4.40435963009669e-05,3.42009506455373e-05
0,3.85498784557094e-05,0.000237585736655483,0.000174472161656708,6.88526696470197e-05,9.01988145585255e-05,7.03317997417511e-05
0,0,0,0,0,0,0
0,0,0,0,0,0,0
0,0,0,0,0,0,0
0,0,0,0,0,0,0
0,0,0,0,0,0,0
0,0,0,0,0,0,0
0,0,0,0,0,0,0
0,0,0,0,0,0,0
0,0,0,0,0,0,0
0,0,0,0,0,0,0
0,0,0,0,0,0,0
0,0,0,0,0,0,0
0,0,0,0.00272334112282881,0.0341414287924681,0.0552302885570404,0.0826985135832321
0,2.11034291918329e-05,0.000171739387318464,0.000148451362480772,3.63926877431612e-05,4.36226192563876e-05,3.00678795392619e-05
0,0,0,0,0,0,0
0,0,0,0,0,0,0
0,0,0,0,0,0,0
0,0,0,0,0,0,0
0,0,0,0,0,0,0
0,0,0,0,0,0,0
0,0,0,0,0,0,0
0,0,0,0,0,0,0
0,0,0,0,0,0,0
0,0,0,0,0,0,0
0,0,0,0,0,0,0
0,0,0,0,0.00292122482182413,0.00706449774541995,0.0130983032164826
0,0,0,0,0.00188165639677871,0.00323982044806378,0.005150408057902
0,0,0,0.0387217055547867,0.145584050397445,0.247676577960686,0.371713537467024
0,0,0,0,0,0,0
0,0,0,0,0,0,0
0,0,0,0,0,0,0
0,0,0,0,0,0,0
0,0,0,0,1.27287616661988e-05,0.000159575348971126,0.000258143636103772
0,0,0,0,0,8.79482834696035e-06,1.51428628332318e-05
0,0,0,0,0,0,0
0,0,0,0,0,0,0
0,0,0,0,0,0,0
0,0,6.81789843351703e-06,1.50625394774981e-06,0,0,0
0,3.17899527521322e-06,4.2827101233608e-05,2.52370492658624e-05,0,1.84792935888349e-06,1.64437133414717e-06
0,0,2.19797496473261e-05,1.10398822562532e-05,0,0,0
0,5.710136841019e-06,9.60898541464924e-05,7.44119905642481e-05,1.0641413359968e-05,1.42318260425935e-05,1.01781015126627e-05
0,0.000124142739785187,0.000123949485345513,0,0,0,0
0,2.84070825368807e-06,3.08093941399696e-06,0,0,0,0
0,0.000258757571251619,0.000252019764040044,6.32454730248239e-05,1.11331167750361e-05,2.33142561685842e-06,1.86377820363605e-06
0,0.000205456894964757,0.00020191900472634,6.19374750992342e-05,9.66126749448287e-06,2.29029102721897e-06,1.82943664523115e-06
0,0.000128803149620471,0.000127984211385176,2.24514087127721e-05,0,0,0
0,8.71581228722161e-05,8.76643051536575e-05,0,0,0,0
0,0.00016695016044385,0.000148905223358713,3.0257557028918e-05,0,0,0
0,0.00041577126743731,0.000386923166603536,0.00012198116727142,2.81255371363654e-05,1.22631331758506e-05,2.17639039003086e-06
0,0.000303729398442354,0.000316368432647963,9.93854869581008e-05,1.1854233489693e-05,2.48430499255392e-06,1.98648206097322e-06
0,0.000260682371325766,0.000252167376609261,7.36283743955601e-05,9.70731793774017e-06,2.30037968978477e-06,1.83682237980805e-06
0,0.000171409129266635,0.000168913029524689,3.1290787624941e-05,0,0,0
0,0.000137484744169293,0.000136742397144784,2.28563932734643e-05,0,0,0
0,0.000262498581595936,0.000252611578666384,6.22984137159612e-05,9.6420791956159e-06,2.28659485662611e-06,1.8271759889274e-06
0,0.000176139276679008,0.000172688907543058,3.20434607849268e-05,0,0,0
0,0.000141141781935457,0.000139750015644757,2.895464286646e-05,0,0,0
0,0.000120143560361054,0.000119867955617731,0,0,0,0
0,0.000144260276857567,0.000142912753888091,2.94850028491097e-05,0,0,0
0,0.000122147793755796,0.000121930780312708,0,0,0,0
0,0,0,0,0,0,0
0,0,0,0,0,0,0
0,0,0,0,0,0,0
0,0,0,0,0,0,0
0,0,0,0,0,0,0
0,0,0,0,0,0,0
0,0,0,0,0,0,0
0,0,0,0,0,0,0
0,0,0,0,0,0,0
0,0,0,0,0,1.35830421869116e-05,1.31393339106932e-05
0,0,0,0,1.27287616661988e-05,0.000173158391158037,0.000271282970014465
0,0,0,0,0,0,0
0,0,0,0,0,0,0
0,0,0,0,0,0,0
0,0,0,0,0,0,0
0,0,0,0,0,0,0
0,4.07732747597682e-06,7.74828616187572e-05,5.51969915049867e-05,4.7930914317138e-06,1.06945252787664e-05,9.40044952551519e-06
0,1.22682922604845e-05,0.000119321824833187,9.12080135734215e-05,1.45296592687817e-05,2.54126763383218e-05,2.057257332613e-05
0,0,0,0,0,0,0
0,0,0,0,0,0,0
0,0,0,0,0,0,0
0,0,0,0,0,0,0
0,1.21171307790663e-05,8.9076812344089e-05,5.56569878564258e-05,6.29692784831323e-06,7.87712486024841e-06,6.89809501917556e-06
0,3.32322034530492e-05,9.00247427973293e-05,4.63585632137997e-05,3.83282058196835e-06,4.45080440024361e-06,3.9020442878674e-06
0,1.05822337311986e-05,0.000155030778357339,0.000111887835025164,2.1908856763029e-05,2.41520968549105e-05,1.90990931960126e-05
0,2.36055463201125e-05,0.000117351213939152,7.24866322696678e-05,9.23524130068167e-06,1.03116831281468e-05,9.03440905231996e-06
0,8.84426101767188e-06,0.00011915627356446,7.85388250461166e-05,1.07662634618474e-05,1.16964444997917e-05,1.02567862543099e-05
0,0,0,0,0,0,0
0,0,0,0,0,0,0
0,0,0,0,0,0,0
0,0,0,0,0,0,0
0,0,0,0,0,0,0
0,0,0,0,0,0,0
0,0,0,0,0,0,0
0,0,0,0,0,0,0
0,0,0,0,0,0,0
0,0,0,0,0,0,0
0,0,0,0,0,0,0
0,0,0,0,0,0,0
0,0,0,0,0,0,0
0,0,0,0,0,0,0
0,0,0,0,0,0,0
0,2.66818619698734e-06,7.96655975747334e-05,5.84192964880123e-05,5.65745992014983e-06,1.01436177851235e-05,8.89672533010537e-06
0,0,0,0,0,0,0
0,0,0,0,0,0,0
0,0,0,0,0,0,0
0,0,0,0,0,0,0
0,0,0,0,0,0,0
0,0,0,0,0,0,0
0,0,0,0,0,0,0
0,0,0,0,0,0,0
0,2.95148229462191e-05,5.01322157320251e-05,1.73582108602288e-05,0,0,0
0,5.87160827704417e-05,6.95579427567244e-05,1.19253928395506e-05,0,0,0
0,1.75704396040698e-05,4.06197738536498e-05,1.21062138185051e-05,0,0,0
0,0,0,0,0,0,0
0,0,0,0,0,0,0
0,0,0,0,0,0,0
0,0,0,0,0,0,0
0,0,0,0,0,0,0
0,0,0,0,0,0,0
0,0,0,0,0,0,0
0,0,0,0,0,0,0
0,0,0,0,0,0,0
0,0,0,0,0,0,0
0,0,0,0,0,0,0
0,2.92496133593223e-05,8.29645964541938e-05,3.7116033722467e-05,3.11361039785628e-06,2.6261251851023e-06,2.28908903388104e-06
0,7.48730172465548e-07,7.57159983276391e-07,0,0,0,0
0,0,0,0,0,0,0
0,0,0,0,0,0,0
0,7.78187449856408e-07,7.86160991682554e-07,0,0,0,0
0,2.99548532038342e-06,3.22748749654005e-06,0,0,0,0
0,7.44994029137695e-05,7.53833454370057e-05,0,0,0,0
0,2.71875460953322e-05,2.77013273543504e-05,0,0,0,0
0,6.62215614851692e-06,7.25804743547866e-06,0,0,0,0
0,0.000211011910201694,0.00020669843327971,7.47131137955894e-05,9.95227710822275e-06,2.35911958423037e-06,1.88428409872e-06
0,0.000170896185319599,0.000169259245723788,3.19133020729221e-05,0,0,0
0,7.45743231214101e-05,7.55747763112024e-05,0,0,0,0
0,0.000177290121579848,0.000183354656889228,3.32757201001869e-05,9.18161731576534e-06,0,0
0,3.9455420113366e-05,4.07983606177928e-05,0,0,0,0
0,0.000412369295391248,0.000383115287606889,0.000122687201250181,3.47044717805197e-05,1.23930382283619e-05,1.06639799474598e-05
0,0,0,0,0,0,0
0,0,0,0,0,0,0
0,0,0,0,0,0,0
0,0,0,0,0,0,0
0,0,0,0,0,0,0
0,8.21285610115447e-07,9.75970563880372e-06,4.54548860496357e-06,0,0,0
0,2.23544392339113e-06,2.33307208988913e-05,1.21334976687521e-05,0,1.47657872636456e-06,1.31163850139874e-06
0,2.08790630054191e-06,2.28276289543799e-05,1.18989413063185e-05,0,9.94031612444115e-07,8.84144338170508e-07
0,0,0,0,0,0,0
0,0,0,0,0,0,0
0,0,0,0,0,0,0
0,0,0,0,0,0,0
0,0,0,0,0,0,0
0,0,0,0,0,0,0
0,0,0,0,0,0,0
0,0,0,0,0,0,0
0,0,0,0,0,0,0
0,0,0,0,0,0,0
0,1.71380636840561e-06,0,0,0,0,0
0,3.68765530058123e-06,2.47833786284885e-05,9.71254879841449e-06,0,0,0
0,1.5713192037866e-06,0,0,0,0,0
0,0,0,0,0,0,0
0,0,0,0,0,0,0
0,0,0,0,0,0,0
0,0,0,0,0,0,0
0,0,0,0,0,0,0
0,0,0,0,0,0,0
0,0,0,0,0,0,0
0,9.15045357597783e-06,6.98743202778216e-06,0,0,0,0
0,3.13150699189715e-05,2.32938838138943e-05,9.92265216744037e-07,0,0,0
0,0,0,0,0,0,0
0,0,0,0,0,0,0
0,0,0,0,0,0,0
0,0,0,0,0,0,0
0,0,0,0,0,0,0
0,0,0,0,0,0,0
0,0,0,0,0,0,0
0,0,0,0,0,0,0
0,0,0,0,0,0,0
0,0,0,0,0,0,0
0,0,0,0,0,0,0
0,0,0,0,0,0,0
0,0,0,0,0,0,0
0,0,0,0,0,0,0
0,0,0,0,0,0,0
0,0,0,0,0,0,0
0,0,0,0,0,0,0
0,0,0,0,0,0,0
0,0,0,0,0,0,0
0,0,0,0,0,0,0
0,0,0,0,0,0,0
0,0,0,0,0,0,0
0,0,0,0,0,0,0
0,0,0,0,0,0,0
0,0,0,0,0,0,0
0,0,0,0,0,0,0
0,0,0,0,0,0,0
0,7.40994328892615e-07,7.36925547025347e-07,0,0,0,0
0,0,0,0,0,0,0
0,0,0,0,0,0,0
0,0,0,0,0,0,0
0,0,0,0,0,0,0
0,0,0,0,0,0,0
0,0,0,0,0,0,0
0,0,0,0,0,0,0
0,0,0,0,0,0,0
0,2.01962094319112e-06,0,0,0,0,0
0,5.50522073244589e-06,7.82162840991971e-07,0,0,0,0
0,3.66419823263833e-06,7.79131597309711e-07,0,0,0,0
0,0,0,0,0,0,0
0,0,0,0,0,0,0
0,4.33851911563728e-06,2.7090825022619e-06,0,0,0,0
0,1.3384002567985e-05,7.16279830874528e-06,0,0,0,0
0,0,0,0,0,0,0
0,1.36698828406095e-06,0,0,0,0,0
0,0,0,0,0,0,0
0,0,0,0,0,0,0
0,0,0,0,0,0,0
0,0,0,0,0,0,0
0,0,0,0,0,0,0
0,0,0,0,0,0,0
0,3.17940607236471e-06,1.67846722423238e-06,0,0,0,0
0,0,0,0,0,0,0
0,0,0,0,0,0,0
0,0,0,0,0,0,0
0,0,0,0,0,0,0
0,0,0,0,0,0,0
0,0,0,0,0,0,0
0,4.08494579723642e-06,1.85255035752046e-06,0,0,0,0
0,7.24867322819679e-06,5.01077360315678e-06,0,0,0,0
0,0,0,0,0,0,0
0,0,0,0,0,0,0
0,0,0,0,0,0,0
0,0,0,0,0,0,0
0,0,0,0,0,0,0
0,0,0,0,0,0,0
0,0,0,0,0,0,0
0,0,0,0,0,0,0
0,0,0,0,0,0,0
0,0,0,0,0,0,0
0,1.39315679550121e-05,9.74298239735973e-06,0,0,0,0
0,1.78360589293431e-05,1.18755655462149e-05,0,0,0,0
0,9.17718501382556e-05,8.69490378227522e-05,2.46878656607863e-06,0,0,0
0,9.74672784208912e-07,9.85341285801382e-07,0,0,0,0
0,6.57794597521101e-06,5.32203821010611e-06,0,0,0,0
0,0,0,0,0,0,0
0,0,0,0,0,0,0
0,0,0,0,0,0,0
0,0,0,0,0,0,0
0,5.42370768940394e-05,5.06652039286191e-05,0,0,0,0
0,0,0,0,0,0,0
0,0,0,0,0,0,0
0,0,0,0,0,0,0
0,0,0,0,0,0,0
0,0,0,0,0,0,0
0,0,0,0,0,0,0
0,0,0,0,0,0,0
0,0,0,0,0,0,0
0,0.00012741597699628,0.000115846484691362,2.66896079402166e-06,0,0,0
0,0.000155949837442987,0.000146500398423024,2.4019254293263e-05,0,0,0
0,0.000197111136387763,0.000182992445811923,3.52591025895316e-05,0,0,0
0,0.000236251184477613,0.000222361732713649,3.73725769647535e-05,9.33285163313198e-06,2.22339982379716e-06,0
0,0.000155386246702342,0.000147821094571921,3.09127477059436e-05,0,0,0
0,0,0,0,0,0,0
0,0,0,0,0,0,0
0,2.25964889549728e-06,0,0,0,0,0
0,0,0,0,0,0,0
0,2.2343475500864e-06,0,0,0,0,0
0,0,0,0,0,0,0
0,0,0,0,0,0,0
0,0,0,0,0,0,0
0,0,0,0,0,0,0
0,0,0,0,0,0,0
0,0,0,0,0,0,0
0,0,0,0,0,0,0
0,0,0,0,0,0,0
0,0,0,0,0,0,0
0,0,0,0,0,0,0
0,0,0,0,0,0,0
0,0,0,0,0,0,0
0,0,0,0,0,0,0
0,0,0,0,0,0,0
0,0,0,0,0,0,0
0,0,0,0,0,0,0
0,0,0,0,0,0,0
0,0,0,0,0,0,0
0,0,0,0,0,0,0
0,3.18879702752307e-06,0,0,0,0,0
0,0,0,0,0,0,0
0,8.47976911051339e-07,0,0,0,0,0
0,1.40003298605735e-05,9.72765020294569e-06,0,0,0,0
0,1.52148598345257e-05,9.83106585383515e-06,0,0,0,0
0,0,0,0,0,0,0
0,0,0,0,0,0,0
0,0,0,0,0,0,0
0,8.85250727895793e-06,4.56023408517581e-06,0,0,0,0
0,1.84618520265233e-05,1.47475261396375e-05,0,0,0,0
0,4.38620602052861e-05,3.52607221672336e-05,0,0,0,0
0,4.6600937929177e-05,3.33994253218504e-05,1.26398629848688e-06,0,0,0
0,7.14237252853228e-05,6.00057992121851e-05,0,0,0,0
0,1.80977504912645e-06,1.82291944254542e-06,0,0,0,0
0,2.15208396662597e-06,0,0,0,0,0
0,2.73406384068536e-06,0,0,0,0,0
0,0,0,0,0,0,0
0,0,0,0,0,0,0
0,0,0,0,0,0,0
0,0,0,0,0,0,0
0,0,0,0,0,0,0
0,1.16857151049328e-06,0,0,0,0,0
0,0,0,0,0,0,0
0,8.99852336472958e-07,0,0,0,0,0
0,6.57880658391744e-06,0,0,0,2.38162851844934e-06,2.88249737752168e-06
0,0,0,0,0,0,0
0,0,0,0,0,0,0
0,0,0,0,0,0,0
0,1.03236579349335e-05,0,0,0,0,5.20682135469501e-06
0,0,0,0,0,0,0
0,0,0,0,0,0,0
0,0,0,0,0,0,0
0,0,0,0,0,0,0
0,0,0,0,0,0,0
0,3.97000030556419e-06,0,0,0,0,0
0,5.04575642618249e-06,0,0,0,0,0
0,6.21643642312542e-05,4.4945229881411e-05,1.64783634446428e-06,0,0,0
0,4.83147373794514e-05,3.08145650861921e-05,3.71725189798939e-06,0,0,0
0,2.36993700322868e-05,1.80062937846873e-05,1.05822468821928e-06,0,0,0
0,0,0,0,0,0,0
0,0,0,0,0,0,0
0,0,0,0,0,0,0
0,0,0,0,0,0,0
0,0,0,0,0,0,0
0,5.41317875319177e-06,0,0,0,0,0
0,0,0,0,0,0,0
0,0,0,0,0,0,0
0,9.39134958429291e-07,0,0,0,0,0
0,2.4580209408566e-06,0,0,0,0,0
0,9.29621615667881e-06,4.16375439114597e-06,0,0,0,0
0,0,0,0,0,0,0
0,0,0,0,0,0,0
0.000699414175505742,0.000699414175505742,9.86891008304215e-05,8.77036842037306e-07,0,0,0
0,2.53366012039386e-05,1.37967191011092e-05,0,0,0,0
0,1.41948493591707e-05,5.59128999021833e-06,0,0,0,0
0,1.99446209046604e-05,1.27238729822938e-05,0,0,0,0
0,3.71021718602056e-05,2.67855472226288e-05,0,0,0,0
0,7.6627450527458e-05,4.35240027816818e-05,0,0,0,0
0,3.95424556533678e-05,1.56000183120514e-05,0,0,0,0
0,5.13498960676629e-05,3.06655772832998e-05,0,0,0,0
0,3.1889626250252e-05,2.12769776168233e-05,0,0,0,0
0,0,0,0,0,0,0
0,0,0,0,0,0,0
0,3.57310788629017e-06,0,0,0,3.05771241031539e-06,5.92648491432624e-06
0,0,0,0,0,0,0
0,0,0,0,0,0,0
0,0,0,0,0,0,0
0,0,0,0,0,0,0
0,2.83322736548892e-05,2.28173656092243e-05,0,0,0,0
0,3.21450163866458e-05,0,0,0.000185814368209843,0.00173309368402665,0.00114972978485656
0.000699414175505742,0.000347770659608997,0,0,1.33833461771104e-05,4.31108547878541e-05,3.29489060198868e-05
0,2.45521284310818e-05,0,0,0,0,0
0,3.86324736108119e-06,0,0,0,0,0
0,1.28829702557554e-06,0,0,0,1.29011436711192e-06,3.66460200174404e-06
0,0,0,0,0,0,0
0,0,0,0,0,0,0
0,0,0,0,0,0,0
0,0,0,0,0,0,0
0.000699414175505742,0.000491155943728356,0,0,0.000992423163840915,0.00122597046257838,0.00165817252186795
0,4.71105589917699e-05,2.81709202930205e-05,1.75898968793313e-06,0,0,0
0,0,0,0,0,0,0
0,0,0,0,0,0,0
0,0,0,0,0,0,0
0,0,0,0,0,0,0
0,1.01857563135976e-05,0,0,0,0,0
0,1.07949202969088e-05,0,0,0,0,0
0,1.05538773754648e-05,2.28400125036439e-06,0,0,0,0
0,1.81629541925241e-05,1.12976957981076e-05,0,0,0,0
0,3.90789773345529e-05,2.85644668499792e-05,0,0,0,0
0,7.3144788072678e-06,0,0,0,0,0
0,7.83262466613291e-07,0,0,0,0,0
0,2.28204647933134e-06,0,0,0,0,0
0,4.38973165977741e-06,0,0,0,0,0
0,6.93469642808364e-06,0,0,0,0,0
0,1.37523904856503e-05,0,0,0,0,0
0,0,0,0,0,0,0
0,2.52920183631128e-05,0,0,0,0,0
0,0,0,0,0,0,0
0,0,0,0,0,0,0
0,6.15437988133662e-05,3.34287499649299e-05,0.100005722015315,0.286696725379393,0.397796608832356,0.533892315111155
0,0,0,0,0,0,0
0,1.20411933291854e-06,0,0,0,0,0
0,1.85505453273831e-06,0,0,0.00099242362638284,0.00289095010476541,0.00188994432009289
0,3.19155452446027e-06,0,0,0,0,0
0,2.14690181379942e-05,0,0,0,0,0
0,2.21800133935572e-05,0,0,0,0,0
0,1.56958660885676e-05,8.84039926864454e-07,0,0,0,0
0,3.23976532993119e-05,1.37846931679263e-05,1.69802377419398e-06,0,0,0
0,4.42710139946562e-05,1.78593109865024e-05,3.50646074873932e-06,0,0,0
0,5.51261902661036e-05,3.05231160474155e-05,5.34634511049332e-06,0,0,0
0,2.16309202640277e-05,8.72741170257706e-06,0,0,0,0
0,1.19999063081687e-05,1.08231811289834e-06,0.164312259040816,0.456510577412228,0.62385404537955,0.826278271826981
0,0,0,0,0,0,0
0,0,0,0,0,0,0
0,1.27961170111447e-05,3.40379206068143e-06,0,0,0,0
0,4.30424510470062e-05,4.27414849471309e-06,0,0,0,0
0,0,0,0,0,0,0
0,0,0,0,0,0,0
0,0,0,0,0,0,0
0,0,0,0,0,0,0
0,0,0,0,0,0,0
0,0,0,0,0,0,0
0,0,0,0,0,0,0
0,0,0,0,0,0,0
0,0,0,0,0,0,0
0,0,0,0,0,0,0
0,0,0,0,0,0,0
0,0,0,0,0,0,0
0,0,0,0,0,0,0
0,0,0,0,0,0,0
0,0,0,0,0,0,0
0,0,0,0,0,0,0
0,0,0,0,0,0,0
0,0,0,0,0,0,0
0,1.02619711182164e-05,0,0,0,0,2.12785940155552e-06
0,0.000131924811528353,7.08330238594355e-05,1.21266164198625e-06,0,0,0
0,9.32983480800879e-05,3.04532987942862e-05,0,0,0,0
0,0,0,0,0,0,0
0,0,0,0,0,0,0
0,4.12754110963779e-05,0,0.0102029612114338,0.0344811775138629,0.0225773983634599,0.0346654696441461
0,0,0,0,0,0,0
0,0,0,0,0,0,0
0.000699414175505742,0.000294966000837042,5.06201363148615e-06,0,0,0,0
0,0,0,0,0,0,0
0,5.06418393169761e-05,0,0,0,0,0
0,6.4294102426676e-06,0,0,0.00044311774105118,0.00180628219850106,0.00267141220096714
0,4.23310988635936e-06,9.4129529622651e-07,0.0953724122952403,0.28857262243626,0.400517265177338,0.53745028138542
0,0.000194568280179517,0.000185763150806163,0.283186802862419,0.647540310873981,0.9609572038123,1
0,8.73633905566568e-06,0,0,0.000443117074871296,0.000750900868953501,0.00105681954764457
0,2.13973406553081e-05,5.95439302477511e-06,0,0,0,0
0,3.78450458094874e-05,1.2753724787024e-05,1.79588514245239e-06,0,0,0
0,8.3466499454054e-06,0,0,0,0,0
0,1.84625296978799e-05,0,0,0,0,0
0,1.4516570769621e-05,1.80314313965501e-06,0,0,0,0
0,2.04725689132698e-05,8.60664594397887e-07,0,0,0,0
0,0,0,0,0,0,0
0,1.46330637821383e-06,0,0,0,0,0
0,3.6632166638569e-06,0,0,0,0,0
0.000699414175505742,3.24033786011248e-05,0,0,0,0,0
0.000699414175505742,3.40910964010102e-05,0,0,0,0,0
0,5.04649242434653e-05,1.91019353133466e-05,0,0,0,0
0,5.82649946684742e-05,7.33188975207376e-06,0,0,0,0
0,5.90052831918157e-05,1.96003322713058e-05,4.54301367407175e-06,0,0,0
0.000699414175505742,0.000254002386828094,0,0,0,0,0
0,0,0,0,0,0,0
0,0,0,0,0,0,0
0,2.48340104801944e-05,0,0,0,0,4.02400570124105e-06
0,2.44199782144573e-05,7.00592042581685e-06,0,0,0,0
0,1.58015900960641e-05,1.07864248918029e-06,0,0,0,0
0,1.76880510181071e-05,3.60751979025574e-06,0,0,0,0
0,2.31580205580658e-05,0,0,0,0,0
0,0,0,0,0,0,0
0,1.26378536486905e-06,0,0,0,0,0
0,0,0,0.0142140456070899,0.055335812366724,0.0636234571755373,0.063202161093144
0,2.77492674906249e-06,0,0.0131899268906869,0.0228395822458266,0.0235338377411809,0.0228734284011623
0,3.35332132595742e-06,0,0,0,0,0
0,6.96089146946161e-06,0,0,0,0,0
0,1.44284672572668e-05,0,0,0,0,0
0,2.49481577764614e-05,0,0,0,0,0
0,5.12877306880806e-05,0,0,0,0,0
0,0,0,0,0,0,0
0,0,0,0,0.000833405940746035,0.000815234618336977,0.00111332259270384
0,0,0,0,0,0,0
0,0,0,0,0,0,0
0,0,0,0,0,0,0
0,0,0,0,0,0,0
0,0,0,0,0,0,0
0,1.88827790085475e-05,2.30280541333038e-05,5.54503166985319e-05,4.55106808058914e-05,1.75833405123321e-05,1.53442010224751e-05
0.000699414175505742,0.000293186883225238,0,1.66061219115127e-05,6.23708347782179e-06,2.48084462517197e-06,4.20009720364565e-06
0.000699414175505742,0.00033805890373674,7.01315310716625e-07,4.65923922782643e-06,0,0,0
0,2.58701447269034e-05,0,0,0,0,1.79009612468762e-06
0,4.3905918378958e-05,1.54473782397733e-05,1.32227333379352e-06,0,0,0
0,7.28806225041493e-05,2.4881990114038e-05,3.23600436316786e-06,0,0,0
0,3.52629390939711e-05,1.68205630589003e-05,0,0,0,0
0,5.77123704863431e-06,9.69347425262174e-07,0,0,0,0
0,0,0,0,0,0,0
0,0,0,0,0,0,0
0,0,0,0,0,0,0
0,0,0,0,0,0,0
0,2.32937747738137e-05,8.31296537872993e-06,0,0,0,0
0,0,0,0,0,0,0
0,0,0,0,0,0,0
0,0,0,0,0,0,0
0,1.38410978341871e-05,0,0,0,0,0
0,1.23029601143415e-05,0,0,0,0,0
0,1.08568515846863e-05,1.43835859082346e-06,0,0,0,0
0,2.74008839610516e-06,0,0,0,0,0
0,2.66958757844913e-06,0,0,0,0,0
0,4.52388936277318e-06,0,0,0,0,0
0,8.86446216417756e-06,0,0,0,0,0
0,1.39237906749904e-05,3.64427156527836e-06,0,0,0,0
0,2.58359306591286e-05,8.87355937445091e-06,0,0,0,0
0,4.86488042410753e-05,1.86758242637117e-05,8.48925017067137e-07,0,0,0
0,0,0,0,0,0,0
0,9.79052863716821e-07,0,0,0,0,0
0,0,0,0,0,0,0
0,0,0,0,0,0,0
0,0,0,0,0,0,0
0,0,0,0,0,0,0
0,0,0,0,0,0,0
0,0,0,0,0,0,0
0,0,0,0,0,0,0
0,0,0,0,0,0,0
0.000833573814154598,0.000100029471325068,0.000393047031555528,0.000154121412317362,0.00016374937533929,0.000100682216742992,7.16176645997809e-05
0.0021764256315839,0.0010618922175323,0.00107721730224853,0.00053570406366835,0.000471188328042884,0.000418124749174857,0.000335532791546776
0,0.0437768956935984,0.0815022819540049,0.0978103087289271,0.0650065779677601,0.0456688959263096,0.0361722414543812
0.245061977123525,0.252476678423387,0.260888658575493,0.383349565687429,0.383181100962241,0.331365384052374,0.270981827005838
0.0471310921363687,0.0207276799520679,0.0180891980906975,0.0244890954993095,0.00725315423854605,0.00624205728282108,0.0061062993528556
1,1,1,1,1,1,1
0.0616738987230634,0.0274296214829767,0.0260734474577755,0.0136210283674112,0.0077438662101714,0.00692279417972542,0.0067662156283725
0,0.000132090545926496,0.000351872180980234,0.000317210866051137,0.000155356562643589,9.88196274841661e-05,6.77109267398816e-05
0,0.000437936789302305,0.000315449314840243,0.000118503554847369,6.30988583375061e-05,2.19705965030595e-05,1.64625124008673e-05
0,0.00336070698959242,0.00207650276808428,0.00102248449712923,0.000534575761662791,0.000445332962778129,0.000359064372383811
0,0.0273784947739715,0.0284028034059407,0.0078321554154241,0.00464867021060579,0.00415589787434519,0.00407052298612239
0.0476935264137897,0.0454403698412753,0.043753419302508,0.0245288590629971,0.00673320807276935,0.00580366686090917,0.00565785825620293
0.096436780451231,0.108414184853885,0.111557260722261,0.0430032283432823,0.0121464653434942,0.00743673416997593,0.00665638697305616
0.0170405855929445,0.00983448201621905,0.00772023828109077,0.00287510455681981,0.000344311788611013,7.75251831472316e-05,0.000109491390788823
0.0271715215361316,0.0314825034655393,0.0333285087130536,0.0124786944783306,0.00351295523276686,0.00213708048300252,0.000858752323718549
0.0219516024342426,0.0149049904220677,0.0116327479696223,0.00405327666011305,0.00125481528753049,0.00080195983659571,0.000729225089728333
0,7.02859685277065e-07,0,0,0,9.49619833169631e-07,9.15222091614693e-07
0,0.0199946696133156,0.0210466378188852,0.0111108010086192,0.00269797752941986,0.0021319432322635,0.00204297873008011
0,0.000239524014748433,0.00377380273835924,0.00356876567743073,0.00148689292091551,0.00263797019438853,0.00277707776281522
0.000699414175505742,0.000358477895668359,0.000121093879435212,8.25085481068863e-05,2.66863010791573e-05,1.14741962315541e-05,1.60755488308041e-05
0,0.000126114086344837,6.08090311223933e-05,1.26185060397927e-05,0,0,0
0,0.000108650010039664,6.56485008445354e-05,3.08535224064839e-06,0,0,0
0.000699414175505742,6.95441317186096e-05,4.4771680506276e-05,5.41047107923608e-06,0,0,0
0.000699414175505742,6.37791931840114e-05,3.54612697034356e-05,4.67467872319601e-06,0,0,0
0.000699414175505742,0.000699414175505742,3.79568061552214e-05,8.99045583680197e-06,0,0,0
0.000699414175505742,5.95876836745272e-05,3.23336908263386e-05,1.00727302936878e-05,0,0,0
0.00793783118618404,0.00991862203433485,0.0106710020991502,0.00377959243604202,0.000699414175505742,0.000699414175505742,5.63268330314353e-05
0.0200362433773695,0.0229025686148791,0.0168280310588382,0.00515259735352685,0.000722789201665601,8.67036301736618e-05,5.45239908841259e-05
0,0.00330593403708097,0.0060446017061259,0.00283978359415364,0.000699414175505742,0.000699414175505742,6.54172640900563e-05
0,0.00330201996438554,0.00679443117190726,0.00384438353867781,0.000725371158081291,0.000699414175505742,7.415854891596e-05
0.125230146177102,0.133936718922111,0.131936155224878,0.0519839729208154,0.0176153352120685,0.0124969532934272,0.011674456785932
0.0152529183551343,0.00883210611162384,0.00641815549505776,0.00236145830546313,0.000267531157385787,4.76136947668582e-05,6.30047021774184e-05
0.00725417907138986,0.00499531924716822,0.00386208415644142,0.00123807535640975,0.000165762376706698,2.59483824284764e-05,2.54052423823834e-05
0.0155271666461321,0.00986478048253641,0.00734336242350811,0.0025968588881969,0.000291369986413992,5.47943364188179e-05,6.83269371100207e-05
0.00660396169604985,0.00807577784947139,0.00593127198403514,0.00161590149698705,0.000181904209394893,2.56566056072547e-05,1.9105055144228e-05
0.0202060994165204,0.020020257819488,0.0196523127839564,0.00909231794039165,0.00221786882785662,0.00182343148558405,0.00176559440543202
0.0122738302351145,0.00951216607052469,0.0127656230420504,0.00424744567871768,0.000404386114241498,4.75565846923069e-05,2.6400535142073e-05
0.0139401924666313,0.0158062106773276,0.016557866937196,0.00529648900049304,0.000855349017238258,8.39533885712914e-05,3.33829025247185e-05
0.0278911991117469,0.0274359417489239,0.0252814666076831,0.0144273994718824,0.00933520101990428,0.00841497889931797,0.0082053358567161
0,8.96129426900019e-07,1.86901472891067e-05,3.21218323864139e-05,3.52211988705943e-05,1.35438544193368e-05,0
0.00222280778511138,0.00311859084757487,0.00323527720091833,0.00117604427288254,0.000106583906144609,1.90808622817137e-06,0
0.00325364068125597,0.00440047497637806,0.00493154607601626,0.00186513461988806,0.000183024323521873,1.19032330933494e-05,4.19542067219089e-06
0.000699414175505742,0.000356718870416978,0.000237687046931195,5.97096543906503e-05,1.25965863033839e-05,0,0
0.00143742950698512,0.00115278733396994,0.00105070845286293,0.000270985809057168,3.8596747499626e-05,5.39694385083118e-06,2.3103222451276e-06
0.000699414175505742,0.000830503849634369,0.000386452183211274,7.0010918462185e-05,5.05862752948154e-06,0,0
0.000699414175505742,0.000699414175505742,2.95145995713573e-05,1.54930553008448e-06,0,0,0
0,0.00545598924562401,0.00714514026759754,0.00218692931061531,0.00126655244394411,0.00106368401232087,0.00102605492452801
0,0.0139493404853046,0.0074493403379495,0.00456453218412318,0.0071561630931772,0.0065366991362365,0.00643385699298079
0.0155362251610002,0.00827685848408388,0.00670577651628883,0.00296196223386244,0.00124454104409366,0.000934358181315588,0.000876131269298274
0,7.62922126651469e-07,0,0,0,0,0
0,1.17529166765478e-06,0,0,0,0,0
0,4.54740074648247e-06,0,0,0,0,0
0,6.15371165305954e-06,0,0,0,0,0
0,2.69071096271844e-06,0,0,0,0,0
0.0157334231097642,0.0157388421251395,0.0140280972539985,0.00756755918239822,0.00188625961009456,0.00151234508442737,0.00145592188819041
0,0.00910381748690526,0.00944484403799704,0.00165434634522453,0.000183585995214873,8.48543600998906e-05,6.35586692490007e-05
0.00179079643462123,0.000811189957186186,0.00117219562227988,0.000699414175505742,5.03323020661472e-05,3.93368879013145e-05,2.44864685427793e-05
0.0050082216147941,0.00163991016381379,0.00381277316434692,0.00122794702990591,0.000127904830929911,0.000136892282540554,0.000104917849004203
0,0.00316369491454554,0.00198993194926324,0.00129653081382842,0.00208236025622213,0.000795183041431584,0.000714494546725597
0,0,0,0,0,0,0
0,0,0,0,0,0,0
0,0,0,0,0,0,0
0,0,0,0,0,0,0
0,0,0,0,0,0,0
0,0,0,0,0,0,0
0,0,0,0,0,0,0
0,0,0,0,0,0,0
0.0171484482291186,0.0186697449631865,0.0175873036534474,0.00536236463317345,0.000939274902461023,8.70784783440359e-05,4.36055632267365e-05
0,2.43793964876855e-05,8.87742266173633e-06,0,0,0,0
0,0,0,0,0,0,0
0,0,0,0,0,0,0
0,0,0,0,0,0,0
0,0,0,0,0,0,0
0,0,0,0,0,0,0
0.0113511884722256,0.0129964407747441,0.0128138981508517,0.00395580332375713,0.000699414175505742,6.10309894524463e-05,2.91229121088048e-05
0,0.573268445335382,0.992802568615684,1,1,1,1
0,0.0105746163730693,0.0231240811868411,0.0345975464418033,0.0134551640990718,0.00942669618189074,0.00861508223006391
0.0177247846950361,0.0106236720494751,0.00855006708917283,0.0034304742344739,0.00266256639947818,0.00199860579373784,0.000817233601500538
0,4.34017549700191e-05,1.59062687308675e-05,0,0,0,0
0.000699414175505742,0.000227885396555797,0.000144381782330495,4.3810268740997e-05,8.0498617430765e-06,0,0
0,5.0577729081356e-05,1.10309823586947e-05,0,0,0,0
0.0108343939854525,0.00434453292990117,0.0038334012342197,0.00245973230911404,0.00358689550369725,0.00322528516948616,0.00137052847289511
0,0.000270105761052437,0.000239776953693891,0.000106399766543296,2.12837057036791e-05,3.66838792451342e-06,8.10969503160175e-07
0.0151962882798826,0.00615694333098761,0.0129082419689889,0.00376271499647992,0.00214663823078625,0.00184126031772006,0.00179267555831503
0.0147510096802766,0.0103648266130851,0.00834232296072038,0.00292804268628463,0.000322361481747913,4.84920473211901e-05,3.91798321583632e-05
0.00429106069986583,0.00336091011429191,0.00269068281592215,0.000857757680522569,0.000104098336126861,9.2840601980729e-06,4.04537729479515e-06
0,8.17503350975989e-05,2.70955711353133e-05,1.137906142857e-06,0,0,0
0.000699414175505742,7.25500968098616e-05,3.28677682537802e-05,3.09909175925692e-06,0,0,0
0,0.000162096102390357,0.000120294356727855,4.35316427655619e-05,7.24876189718777e-06,0,0
0.0190640256164891,0.0122848728265224,0.0089756017725345,0.00312201584136894,0.000369223987925809,6.81224981563469e-05,7.47720567193806e-05
0.0164698778287114,0.0155846266452322,0.0145201863334569,0.00833951320641162,0.00219174337175878,0.00173798273009867,0.00166923408666348
0.0127126114216183,0.0123969359300903,0.0112266849230199,0.00627364576727162,0.00374262628249208,0.00311104938095274,0.00124073080246176
0,7.99546264179205e-06,1.52544191478253e-06,0,0,0,0
0,1.03094426279264e-05,2.61348125029662e-06,0,0,0,0
0,0,0,0,0,0,0
0,0,0,0,0,0,0
0,6.3013972554048e-06,0,0,0,0,0
0,1.52216974800892e-05,2.35863168601694e-06,0,0,0,0
0.000699414175505742,0.000699414175505742,4.25283495625496e-05,1.70469488674522e-05,1.0294098616527e-06,0,0
0,1.64994780973318e-06,0,0,0,0,0
0.00838859411205447,0.00439156246203511,0.00312182767108892,0.00140105127747507,0.000209034821676378,0.000146717343774291,0.000116888347905846
0.00223212102676102,0.00170259266683627,0.00148947420297642,0.000747648255655701,6.92202222437772e-05,4.76901533969344e-05,3.98598715549995e-05
0,0,0,0,0,0,0
0,0,0,0,0,0,0
0,0,0,0,0,0,0
0,0,0,0,0,0,0
0.00462858726346323,0.00398844515806706,0.00362168471426256,0.00117542153447284,0.000699414175505742,5.97425339600466e-05,8.68645486590332e-05
0.00113715678111104,0.000802980902064687,0.000748744774619092,0.000116294185360121,5.39769769062015e-05,1.63061171693663e-05,1.21367400801648e-05
0.000699414175505742,0.000699414175505742,3.48520447970065e-05,6.89569476415001e-06,8.38581025568242e-07,0,0
0,0.000136803132317804,8.33516005359579e-05,2.51450295469152e-05,4.55031139011693e-06,0,0
0.00987547345595971,0.00444137588352787,0.00349863154489967,0.00185818534377397,0.00100734665482308,0.000802125425336111,0.00075662487674975
0.00724640209705201,0.00706234460597424,0.00606461092261819,0.00105140809641108,0.00014667680156306,9.47008408461615e-05,7.41968777377923e-05
0,0.00372208725680266,0.0039626531736362,0.000835314558520427,0.000111037565625418,5.85403016869172e-05,4.23675512123831e-05
0,5.7322980672419e-05,1.82096528147534e-05,0,0,0,0
0,7.68756785728175e-05,2.3001320894005e-05,0,0,0,0
0.00567955128038182,0.00515968328122529,0.00463966511821191,0.00142025583580718,0.000699414175505742,6.59225370160789e-05,9.5990947944784e-05
0.0135788395348188,0.00888718752546105,0.00664192925785644,0.00181908726640394,0.000699414175505742,6.76216124565028e-05,4.27152933126556e-05
0.00594380578997063,0.00410437753748234,0.00336735292941445,0.00110232005615445,0.000147992288882579,4.48187487510635e-05,1.85039506717001e-05
0.00262831300139304,0.00189338619717222,0.00146460649643466,0.000329845267941532,4.33700499733415e-05,4.14288016418177e-06,0
0,0,0,0,0,0,0
0,0,0,0,0,0,0
0,9.02499686764923e-07,0,0,0,0,0
0,2.23483196175413e-06,0,0,0,0,0
0,0.00646630175223997,0.00830683335164373,0.0068594497746036,0.00307635801301883,0.0037782929087922,0.00378287586667003
0,3.82761115826471e-06,1.07553958569221e-06,0,0,0,0
0,8.73760293376691e-06,2.03251493091666e-06,0,0,0,0
0,3.25543538033332e-06,0,0,0,0,0
0,3.2016706662292e-06,0,0,0,0,0
0.000699414175505742,0.000333874159105316,0.000209419369274242,6.67849670527981e-05,1.79222397237868e-05,0,0
0,2.3826498601436e-05,8.07520855500111e-06,0,0,0,0
0.0072429566022635,0.00687795088502596,0.00616675481988098,0.00340011875189761,0.000699414175505742,7.90685921143662e-05,0.000120082461609314
0.00651561023864931,0.00653018762736865,0.00573105585745415,0.00318310852706801,0.000699414175505742,8.17902367888607e-05,0.00012610252817789
0,4.9320975477411e-05,0.000123435715715038,7.7469530779875e-05,8.2179782181534e-05,3.54633622140459e-05,2.79013088778556e-05
0,6.43429603065366e-06,9.61448284752162e-05,5.39165149825353e-05,1.66723147705901e-05,7.43522471564468e-06,9.07270355275556e-06
0,2.37201317637643e-05,2.25343409958909e-05,1.16140652249605e-05,0,0,0
0,1.99568739576224e-06,7.45956837732957e-07,0,0,0,0
0.000699414175505742,5.07853016115658e-05,3.1604589829634e-05,1.65796255178611e-06,0,0,0
0.000699414175505742,0.000464617297339252,0.000309539246818565,8.4919232539997e-05,1.61517695436718e-05,0,0
0.000699414175505742,0.000234126723659487,0.000114399219628845,1.63453911732617e-05,2.06348896986904e-06,0,0
0,3.8820077119487e-05,1.31544791521558e-05,0,0,0,0
0.0107736615115881,0.00550093395140858,0.00422623749940037,0.00232778544847173,0.00135930456477333,0.00111363479831104,0.0010731696394902
0,0.000100238179100235,3.9922967797209e-05,1.29818792014688e-05,1.95809773395016e-06,0,0
0,0,0,0,0,0,0
0,0,0,0,0,0,0
0,0,0,0,0,0,0
0,2.16473387960042e-05,5.52837763769911e-06,0,0,0,0
0,8.61837601210928e-06,1.73587608901292e-06,0,0,0,0
0.0184179426387366,0.0193644285894468,0.0186514574127875,0.00705257005798473,0.00106990055269407,0.000100864054352778,4.56302295530099e-05
0.00507500451804971,0.00254711726361764,0.00171379831756006,0.000454911037158253,0.00021815671147389,3.64244996951328e-05,4.85756178051771e-05
0,0.00216547893807433,0.00144068854627251,0.000363603168382499,6.75697015295707e-05,3.80047380864367e-05,2.76567586828992e-05
0,0.000261692210403307,0.000234196487654305,0.000180051384139085,9.62633110284161e-05,3.90615909155101e-05,3.0678843995754e-05
0,5.67223136334249e-06,2.64441921570544e-06,0,0,0,0
0,0.00218290469439525,0.00180718512077722,0.00044609130140065,6.92537462055396e-05,3.42487494408218e-05,1.91570247893421e-05
0,0,0,0,0,0,0
0,0,0,0,0,0,0
0,0,0,0,0,0,0
0,8.20652724580066e-07,0,0,0,0,0
0,0.000365359683026241,0.000239229539954614,9.06617201101575e-05,2.14868857989301e-05,2.78701225800337e-06,1.87300220950321e-06
0.00166722236278492,0.000805696298032971,0.000467537308851942,0.000246607446074654,8.91621827374883e-05,7.25123552709368e-05,8.0106099090527e-05
0.00790304573340847,0.00418210560840077,0.00293428359695087,0.000785745917756765,0.000159449616891512,0.000121550284189808,8.99375010775756e-05
0,0,0,0,0,0,0
0,0,0,0,0,0,0
0,0,0,0,0,0,0
0,0.000101934518551613,5.11587338421656e-05,9.51002630997121e-06,1.85178632354462e-06,0,0
0,0.00211436036669602,0.00185285741933895,0.00048332308654502,7.09670984881679e-05,2.17669793299457e-05,8.02154408055993e-06
0,2.94415894611207e-05,9.69599526752596e-06,0,0,0,0
0.00517848578327669,0.00265618645810144,0.00216131665343868,0.00130638414851585,0.000225766219232577,0.00156635168931848,0.000748503346754091
0,5.67617920157539e-05,2.62411104304891e-05,1.99312552404951e-06,0,0,0
0.00214208918750699,0.00194980571539909,0.00150070992127116,0.000699414175505742,5.91950905310099e-05,3.68173287193396e-05,2.72515026974278e-05
0,1.51285499216755e-06,0,0,0,0,0
0,0.000315647497377338,0.000181789720883594,4.50381664419209e-05,8.18660649197024e-06,1.03265647906042e-06,0
0.00541435296186716,0.00241912123551442,0.00179176100475548,0.000427252739368937,0.000116768559142032,9.61341942707736e-05,6.18580845517534e-05
0.00660537423578185,0.00308507445761635,0.00229228659887802,0.000524942526828775,0.000153954403989735,0.000128455667209033,7.67040262218242e-05
0,0,0,0,0,0,0
0,0,0,0,0,0,0
0,0,0,0,0,0,0
0,0,0,0,0,0,0
0,0,0,0,0,0,0
0,0,0,0,0,0,0
0,0,0,0,0,0,0
0,0,0,0,0,0,0
0,4.31657845920418e-05,1.35107916930504e-05,0,0,0,0
0,4.89665176468571e-05,1.876868499564e-05,0,0,0,0
0.000699414175505742,0.000305507434933117,0.000191785092298567,4.42088528694533e-05,3.62627701436714e-06,0,0
0.000699414175505742,0.000226764896301447,0.000110010488689654,1.87490103729186e-05,0,0,0
0,8.28806291671121e-05,2.69596778407823e-05,3.46365030130556e-06,9.98115691429562e-07,0,0
0,2.18663187560307e-05,6.59603791765056e-06,0,0,0,0
0,5.77920934235817e-06,2.30111032149684e-06,0,0,0,0
0,1.88709289087153e-06,1.10803937046402e-06,0,0,0,0
0.000699414175505742,0.000699414175505742,0.000109174191554283,2.01992460511762e-06,0,0,0
0,0.00115085403974038,0.000946058379225595,0.000215753641340641,2.66551445048977e-05,3.55816709965436e-06,0
0,2.34005528178082e-05,8.24935030196501e-06,0,0,0,0
0.00790006666112528,0.0041348077326392,0.00310578922948647,0.00164598497195985,0.00205722205348288,0.00077295851798727,0.000520438767581198
0.00456476416622651,0.00232103465099927,0.00158370927308914,0.00045369711233058,0.000106978842847591,8.88903973695697e-05,5.5019691197142e-05
0.00268532025645743,0.0026842671534187,0.00200543609683474,0.000914244403111953,0.000112083758168332,9.47501801405104e-05,5.07797167745394e-05
0,1.44458551810781e-05,5.64710055346256e-06,0,0,0,0
0.00149270300083079,0.000955100491296774,0.000519009625389552,0.000174443104469559,7.97229185465707e-05,1.79445397136769e-05,2.09842080616065e-05
0,0.00416242331212697,0.00316311863473069,0.000839657819634554,0.000118346242872813,6.21250810124049e-05,4.27431059419239e-05
0,1.41147997963359e-06,1.3166247570668e-06,0,0,0,0
0,1.49831411114251e-06,1.41131315988095e-06,0,0,0,0
0,0,0,0,0,0,0
0,0,0,0,0,0,0
0,0,0,0,0,0,0
0,0.00131066836364863,0.000370353466349732,0.000120995405064069,5.34789398707351e-05,7.7187904748222e-06,3.85355032573135e-06
0,0.000101579200800008,8.75720542965213e-05,0.00015045073200243,0.000192241376940209,7.13552810828953e-05,6.28767731985002e-05
0,2.35316765056527e-06,1.51484971580304e-06,0,0,0,0
0,0,0,0,0,0,0
0,0,0,0,0,0,0
0,0.000701678814328602,0.0013740892542508,0.000699414175505742,0.000699414175505742,5.43955855337111e-05,8.75558921275401e-06
0.00818715694708244,0.00474602748770525,0.00347555975311266,0.00103707248371949,0.000194419015311784,0.000122976153732208,7.88036491266293e-05
0,0,0,0,0,0,0
0,0,0,0,0,0,0
0,0,0,0,0,0,0
0,0,0,0,0,0,0
0,0,0,0,0,0,0
0,0,0,0,0,0,0
0,0,0,0,0,0,0
0,0,0,0,0,0,0
0,0,0,0,0,0,0
0,0,0,0,0,0,0
0,1.57957750986626e-05,6.05370774470518e-06,0,0,0,0
0,2.17437606080132e-05,8.16558037458903e-06,0,0,0,0
0,1.56537483945987e-06,8.38384111009539e-07,0,0,0,0
0.0027270013542392,0.00166842486078376,0.00120480626786792,0.000949204239369103,0.00011394626582224,5.24576497399202e-05,5.99420227455608e-05
0,5.42601447429054e-06,1.20908265562584e-06,0,0,0,0
0,0.00121160355449746,0.00120086185217075,0.000726209168927944,7.88002623930234e-05,2.67112563298791e-05,1.84698257784662e-05
0.0132566463857896,0.00844803212783935,0.00642118638258629,0.00524273521990859,0.00262658021584116,0.000916797990165554,0.000761647968957675
0,6.87492291790163e-05,2.36691176859071e-05,1.04118928942755e-06,0,0,0
0.000699414175505742,0.000209758704772208,8.83975341265335e-05,1.57873862451264e-05,2.66571148030537e-06,0,0
0.000699414175505742,0.000501797367450283,0.000338252030125891,8.01144643861312e-05,1.86721401032854e-05,2.78188983382534e-06,0
0.0027785130811489,0.00267589145733359,0.00225745373130866,0.000348262216325743,7.39851612331382e-05,6.11168576890823e-05,3.12337882661986e-05
0,1.12845431408241e-05,4.43767682266181e-06,0,0,0,0
0,1.24725459461813e-06,1.17068876960865e-06,0,0,0,0
0,0,0,0,6.56131676573343e-05,3.61052822797847e-05,3.86886692623461e-05
0,2.69343486395602e-05,1.07778794329112e-05,0,0,0,0
0,0.00214862028662362,0.00225166917925243,0.000380427612987051,7.44242649979074e-05,6.84170610591063e-05,3.70083943945248e-05
0,0.00448749012745169,0.00622552196433735,0.00204324821991138,0.000699414175505742,7.20946717545787e-05,4.82750823658965e-05
0,2.58398911443128e-05,1.03631781758351e-05,0,0,0,0
0,0.0022106043978902,0.00349330975548743,0.000991957652908835,0.000125948974145568,5.53464423835544e-05,3.43088832473191e-05
0,4.86986127264613e-05,5.13738807562658e-05,2.02909852222706e-05,4.92237887439569e-06,0,0
0,7.32807496646898e-05,4.37218170448631e-05,7.17362794216797e-06,0,0,0
0,7.45326946041426e-05,0.000138312890708241,2.99735945555167e-05,0,0,0
0,7.35660781245561e-05,8.89392735194645e-05,0.00020927487028405,0.000216239734440271,8.1284890886949e-05,0.0013978088286634
0,0.000215109328814491,0.000380796262713264,0.000115596630177404,1.62262575037789e-05,6.28547887519905e-06,0
0,0.0029058028438888,0.00622665814111048,0.00487163417185171,0.002936990378153,0.00553715383574722,0.00661700308896091
0,0,0,0,0,0,0
0,0,0,0,0,0,0
0.000899256737075142,0.00128835629003394,0.000729038268266018,0.000136491062454657,3.21607489270387e-05,4.83029401715106e-06,2.33663105953525e-06
0,0.000933201056296581,0.000395915905595793,0.000105880239297851,3.58760911790625e-05,4.59852274139555e-06,0
0,6.92687950530243e-05,2.28735712947282e-05,1.68377302483329e-06,0,0,0
0,0,0,0,0,0,0
0,0,0,0,0,0,0
0,0,0,0,0,0,0
0,0,0,0,0,0,0
0.00271378874783606,0.00192929032130513,0.00157255454656454,0.000383992230363422,4.8308963849805e-05,1.126823339117e-05,6.72324049107998e-06
0,0,0,0,0,0,0
0,0.000368417433497193,0.000432384551340083,0.000158643340654625,2.20839401232732e-05,3.96425081351265e-06,0
0,4.42559777623864e-06,8.73552752717385e-07,0,0,0,0
0,9.83390198023906e-06,4.17551945024876e-06,0,0,0,0
0,0,0,0,0,0,0
0,0,0,0,0,0,0
0,0,0,0,0,0,0
0,0,0,0,0,0,0
0,0,0,0,0,0,0
0,1.74781082617545e-06,0,0,0,0,0
0,1.21352878581134e-05,5.14035418281028e-06,0,0,0,0
0,1.61561967210645e-05,6.58138634457443e-06,0,0,0,0
0,2.62305297839515e-05,1.00139671483463e-05,0,0,0,0
0,0,0,0,0,0,0
0,0.00369436165903175,0.00474468281795278,0.00186684299713343,0.000187766000797879,5.9185689239881e-05,2.90325398305101e-05
0,0.000323251599935001,0.00042005662306466,0.000161511051913799,4.03513674990202e-05,1.28837358622261e-05,8.25032620019195e-06
0,0.0012569334432225,0.00125908466252694,0.000366899245363278,6.28654541422793e-05,3.71570661418156e-05,2.06335158086291e-05
0,0.00187446204690641,0.00117370323114683,0.000283157544803411,5.14594090891033e-05,2.86229324638877e-05,9.79583223131792e-06
0,0.00125380676566679,0.00106703050489605,0.000285012288861305,4.26284640660187e-05,2.38669346186124e-05,1.0473590033431e-05
0,0,0,0,0.00014063244657545,8.9992241960475e-05,0.00165465755525485
0,0.00387016870108148,0.00875135685098268,0.00661878716961273,0.00432418263003005,0.00377700742662542,0.00391833671486404
0,2.73675883834379e-06,9.17900312574881e-07,0,0,0,0
0.000699414175505742,0.000331054515513943,0.000118418637138717,2.79395803352746e-05,3.78531315892886e-06,8.15185990959276e-07,0
0,6.71377379378976e-05,8.40012951259139e-05,5.87850591583624e-06,0,0,0
0,1.32254640559358e-05,6.47264823275877e-06,1.08377546592116e-06,0,0,0
0.0157926653038033,0.0167391281892058,0.0169176793859708,0.00690368176316457,0.00119464136314144,0.000146704206031258,0.000104527698124791
0,0,0,0,0,0,0
0,0,0,0,0,0,0
0,0,2.31249144153659e-05,2.44631404328383e-05,0,0,0
0,0.00108429772604382,0.000509101437315039,0.000149565359869706,4.82240656078426e-05,8.25499133186028e-06,0
0,0.000451979167479492,0.000306464115230351,8.83717975682687e-05,2.33211753958115e-05,4.26062918598919e-06,0
0,2.49236727166468e-05,3.76740096111224e-06,0,0,0,0
0,8.62235179176693e-05,1.71557265676992e-05,0,0,0,0
0,0,0,0,0,0,0
0,8.7540478521693e-07,0,0,0,0,0
0,1.02880293509069e-05,3.46486427746531e-06,0,0,0,0
0,0,0,0,0,0,0
0,1.65731894836158e-05,6.08149109176003e-06,0,0,0,0
0,0,0,0,0,0,0
0,0,0,0,0,0,0
0,0,0,0,0,0,0
0,0,0,0,0,0,0
0,0,0,0,0,0,0
0,0,0,0,0,0,0
0.00260152344068133,0.00190590465549695,0.00232008354057537,0.000492362731420035,5.23125402015496e-05,1.00071061903939e-05,4.61432122076929e-06
0.000699414175505742,0.000261284178683046,0.000291889221587025,7.74142112714521e-05,1.09772866405736e-05,1.94568490174393e-06,0
0.00831165536412091,0.0074099200144546,0.00820079902581237,0.00314439237511111,0.00032621532821974,4.49277915987383e-05,3.05826716974674e-05
0,0.000825585270514583,0.00128842481604617,0.000468050564283241,6.57588890890383e-05,9.64752241418646e-06,6.3155531451646e-06
0,2.55272595188879e-06,7.03192121252393e-07,0,0,0,0
0,0.000420519149451855,0.00028344426001049,8.88083011029809e-05,3.02336300362535e-05,3.85541093552087e-06,0
0,0,0,0,0,0,0
0,0,0,0,0,0,0
0,2.45524611975203e-05,5.64988132057824e-05,6.8745153688617e-05,8.83384343478047e-05,4.0521565156444e-05,3.78310241727053e-05
0,1.6121974641186e-05,5.37342592728502e-05,0.000143307501195635,0.000123584095843962,7.13168261906597e-05,6.54619949418128e-05
0,0.000162480905728821,0.00019463471031411,3.19051301495993e-05,0,0,0
0.0127788089804387,0.0148135968721125,0.0139266368450337,0.00497216296995676,0.000509973733644241,6.33321407779908e-05,3.2342518803128e-05
0,0,0,0,0,0,0
0.000699414175505742,0.000298192643411483,0.000209605191814722,3.97175555676096e-05,7.16279380242496e-06,1.78193440672384e-06,0
0,0,0,0,0,0,0
0,0,0,0,0,0,0
0,0,0,0,0,0,0
0,0.000380450813099013,0.000473305066857762,0.00011866946510016,1.59339882441328e-05,3.09614476863709e-06,0
0,9.15737907900989e-06,9.00323278391198e-06,0,0,0,0
0.00277399559132051,0.00244795374225722,0.00218509963396712,0.000728311182153993,9.08159978690316e-05,2.91036054775884e-05,1.96126556180728e-05
0,6.02546095400942e-06,2.33494801325413e-06,0,0,0,0
0,0.000417519768910513,0.000393886036184742,0.000125827294347289,2.26741591027886e-05,6.5259779363966e-06,0
0,2.53595250030375e-05,1.04427771724312e-05,0,0,0,0
0,1.99749338994034e-05,7.90706228499477e-06,0,0,0,0
0,0,0,0,0.00163386706236801,0.00104459317087122,0.00112587780637842
0,0,0,0,0.003225541793784,0.00443669268457886,0.00289740036274601
0,0,0,0.00195430560290353,0.00844432310744677,0.0109472818536113,0.0128579914172019
0,2.28812872620614e-06,0,0,0,0,0
0,0,0,0,0,0,0
0,7.50976463502978e-06,2.79879089300414e-06,0,0,0,0
0,1.15055691395063e-05,2.21835172845079e-06,0,0,0,0
0,5.83655048717327e-05,8.49004974109823e-06,0,0,0,0
0.000699414175505742,0.000198862447644985,2.01032535650599e-05,2.63891300184297e-06,0,0,0
0,0,0,0,0,0,0
0,0,0,0,0,0,0
0,2.22360278869423e-06,1.14684487132448e-06,0,0,0,0
0,0,0,0,0,0,0
0,0,0,0,0,0,0
0,4.49526589519961e-06,2.14936849391234e-06,0,0,0,0
0,0.000160793395967416,6.46616317531199e-05,8.61617705258851e-06,1.02748111658665e-06,0,0
0,0.00112363032645688,0.0016807836325649,0.00082069379356445,0.000117537866116654,2.29391990319028e-05,6.59022517133358e-06
0,9.69137653823518e-07,0,0,0,0,0
0,6.85731370698955e-05,8.44066826133547e-05,2.0561399673644e-05,1.78269750705769e-06,0,0
0,0,0,0,0,0,0
0,3.27281011854125e-05,6.3953063383945e-05,6.56225114462295e-06,0,0,0
0,7.24121027766725e-05,0.000127354433981021,9.63111746989284e-06,0,0,0
0,7.07317172988062e-06,2.81560211284626e-06,0,0,0,0
0,1.06032243662962e-05,4.81542079472896e-06,0,0,0,0
0,5.60766890552901e-06,5.3605336567305e-06,0,0,0,0
0,1.9235737548715e-05,1.87946749850954e-05,0,0,0,0
0,0,0,0,0,0,0
0,0,0,0,0,0,0
0,0,0,0,0,0,0
0,0,0,0,0,0,0
0,0,0,0,0,0,0
0,0,0,0,0,0,0
0.00593727268241166,0.00604624697071883,0.00604672658612213,0.00215430354936681,0.000256799465989894,3.93886008282501e-05,2.85405085042743e-05
0.0138412318255419,0.0163563766356884,0.0164244438223293,0.00572617648684698,0.000809775287027905,9.46451188561331e-05,3.35265068791133e-05
0,5.00767787146082e-06,1.90810870871356e-06,0,0,0,0
0,2.19180963232786e-06,9.7538381403084e-07,0,0,0,0
0.00244652865899666,0.00251385947824832,0.00252858645311797,0.000901830038857999,0.000115572194625456,2.75547015208467e-05,1.93530816341497e-05
0,0.000237890839142736,0.000188783699078378,0.000157510579754064,9.08564043650677e-05,3.24197291262506e-05,2.10707605643934e-05
0,0,0,0,0,0,0
0,0,0,0,0,0,0
0,0,0,0,0,0,0
0,0,0,0,0,0,0
0,1.23503780194248e-05,5.35818652069961e-05,8.25083086682845e-06,0,0,0
0,5.11029451721501e-05,8.40523046156007e-05,1.55990540647738e-05,1.00822399337353e-06,0,0
0,3.11970769193637e-06,7.41995402411783e-07,0,0,0,0
0,1.68778754903655e-05,7.60172995698027e-07,0,0,0,0
0,3.69761865864608e-06,3.53646136604544e-06,0,0,0,1.10632684075632e-06
0,0,0,0,0,0,3.33376973558085e-06
0,1.68690099231854e-06,7.88402594569236e-07,0,0,0,0
0,0.000132901539868807,0.000150613874917393,4.80336304076477e-05,5.99036166537154e-06,7.78347055674877e-07,0
0,0,0,0,0,0,0
0,0,0,0,0,0,0
0,8.76889211003436e-07,8.16708921384296e-07,0,0,0,0
0,1.72938278128467e-06,8.63548358684761e-07,0,0,0,0
0,0,0,0,0,0,1.21204931577972e-06
0,0,0,0,0,3.23325029767867e-06,4.49207519247295e-06
0,8.59157692460787e-05,4.53743648458061e-05,4.22887360443843e-05,4.02488063616488e-05,1.20135646623805e-05,5.41014225434318e-06
0,5.05394979209421e-05,4.07255319452059e-05,3.12183307339033e-05,1.98725045445771e-05,4.81104001253872e-06,0
0,0.000486695958202732,0.00047718161020954,0.00015747577113344,2.49108208761189e-05,7.31812992739403e-06,3.55569287046773e-06
0,1.44456262259041e-05,1.39903593243863e-05,0,0,0,0
0.000830020737699098,0.00168045173473688,0.00183757476778658,0.000508641080055866,6.16865334542405e-05,8.09216069809522e-06,3.31930678153897e-06
0,0.000105062468240996,0.000155135348340482,5.03573068130633e-05,1.6162903291653e-06,0,0
0,0,3.22061217679267e-06,1.69421005591498e-06,0,0,0
0,0,0,0,0,0,0
0,0,0,0,0,0,0
0,4.97019131408291e-05,7.54059548393897e-06,0,0,0,0
0,0,0,0,0,0,0
0,0,0,0,0,0,0
0,0,0,0,0,0,0
0,0,0,0,0,0,0
0.000699414175505742,0.000699414175505742,0.000384963324068206,0,3.31200370577532e-06,4.58987551554828e-06,1.23767410384474e-05
0,1.67259019863275e-05,1.62923908596137e-05,0,0,0,7.89452414531046e-06
0,8.21329814432885e-07,0,0,0,0,0
0,0,0,0,0,0,0
0,0,0,0,0,0,0
0,1.28981134643508e-05,5.19365317923388e-06,0,0,0,0
0,1.62460412166057e-05,6.54584057769828e-06,0,0,0,0
0,1.38127788784621e-06,1.62646903114853e-05,0,0,0,0
0,3.97889766915658e-06,1.08472617185472e-05,0,0,0,0
0,0,0,0,0,0,0
0,0,0,0,0,0,0
0,0,0,0,0,0,0
0,0,0,0,0,0,0
0,0,0,0,0.000104200068593402,0.00109977031063744,0.000482819224436089
0,1.74373117929978e-05,6.12536565100591e-06,0,0,0,0
0,2.91513876833323e-06,9.76166727741789e-07,0,0,0,0
0,3.6441730199979e-05,5.30088995991151e-05,6.08435500844727e-06,0,0,0
0,6.58214995280328e-06,2.05248236457079e-05,0,0,0,0
0,0,0,0,0,0,0
0,0,0,0,0,0,0
0,0,0,0,0,0,0
0,0,0,0,0,0,0
0,7.97204602806064e-06,1.44065664679615e-06,0,0,0,0
0,6.82184401179179e-06,1.67835457432308e-06,0,0,0,0
0,0,0,0,0,0,0
0,0,0,0,0,0,0
0,2.31804234684564e-06,1.25590635868584e-06,0,0,0,0
0,0.000344078263302312,0.000319924755000291,0.000132297531073194,2.60106376526813e-05,8.85727395895369e-06,3.8087882909232e-06
0,0,0,0,0,0,0
0,0,0,0,0,0,0
0,3.68256299494594e-05,5.54955932706135e-05,1.8236230440655e-05,0,0,0
0,0.000255161938610163,0.00023415004456915,7.25471188310159e-05,2.20361771575707e-05,6.97255869050228e-06,3.35209762835337e-06
0,0.000174038342125154,0.000178811192942212,5.81699543506533e-05,8.40417576879368e-06,7.78816353093367e-07,0
0,8.31939973248831e-07,0,0,0,0,0
0,2.80921859745564e-06,0,0,0,0,0
0,0,0,0,0,0,0
0,0,0,0,0,0,0
0,0,0,0,0,0,0
0,0,0,0,0,0,0
0,1.41866669962243e-05,5.06492664623543e-06,0,0,0,0
0,3.33781439713767e-06,6.68540917489327e-06,2.35290084805363e-06,0,0,0
0,0,0,0,0,0,0
0,0,0,0,0,0,0
0,0,0,0,0,0,0
0,0,0,0,0,0,0
0,3.82393453886281e-06,3.63115994564271e-06,0,0,0,0
0,3.02180308368397e-05,1.03440511601474e-05,0,0,0,0
0,4.21869277254054e-05,5.03557531434518e-05,8.58658185037531e-06,9.59806312557303e-07,0,0
0,1.50726190308723e-05,1.85693240984445e-05,0,0,0,0
0,3.45839906083243e-05,1.58138324839442e-05,0,0,0,0
0,1.57782522558664e-06,6.99642007830722e-07,0,0,0,0
0,1.28503023650358e-06,0,0,0,0,0
0,0,0,0,0,0,0
0,0,0,0,0,0,0
0,0,0,0,0,0,0
0,7.88524123273554e-07,2.27807019913293e-06,0,0,0,0
0,1.79302624925854e-05,1.75787782096348e-05,0,0,0,4.36262794862059e-06
0,5.75765516653544e-06,5.56056911734464e-06,0,0.000104201053786244,0.00109977862607064,0.000490555067094305
0,3.71984719856895e-05,4.5570370340327e-05,2.17749378360855e-06,0,0,0
0,0,0,0,0,0,0
0,7.13252473228396e-07,6.14318081238161e-06,0,0,0,0
0,0,0,0,0,0,0
0,0,0,0,0,0,0
0,5.31616251237651e-06,2.5118218060053e-06,0,0,0,0
0,0,0,0,0,0,0
0,0,0,0,0,0,0
0,0,0,0.0629731782390592,0.210172819195128,0.261868219742424,0.305774238193573
0,3.49502688876191e-05,4.26993164804444e-05,3.94863142435514e-06,9.67363921130799e-07,0,0
0,0,0,0,0,0,0
0,7.95186102439919e-07,0,0,0,0,0
0,0,0,0.791928180520834,1,1,1
0,0,0,0,0,0,0
0,0,0,0,0,0,0
0,0,0,0,0,0,0
0,0,0,0,0,0,0
0,0,0,0,0,0,0
0,0,0,0,0,0,0
0,0,0,0,0,0,0
0,0,0,0,0,0,0
0,0,0,0,0,0,0
0,9.52896734640213e-06,4.51438787793351e-06,0,0,0,0
0,0,0,0,0,0,0
0,7.96534406014962e-07,0,0,0,0,0
0,0,0,0,0,0,0
0,0,0,0,0,0,0
0,0,0,0,0,0,0
0,0,0,0,0,0,0
0,0,0,0,0,0,0
0,6.13685157849779e-06,4.60374449642593e-06,0,0,0,0
0,3.76380548307625e-05,1.09338427032314e-05,0,0,0,0
0,0,0,0,0,0,0
0,2.86937076536637e-05,1.31331623975846e-06,0,0,0,0
0,0,0,0,0,0,0
0,0,1.08443840518265e-06,0,0,0,0
0,3.73708612389732e-06,1.74013103884428e-06,0,0,0,0
0,0,0,0,0,0,0
0,1.06971870885719e-06,9.87393824049897e-07,0,0,0,0
0,0,0,0,4.35944183303091e-05,7.79430754391361e-05,8.29834757551093e-05
0,0,0,0,0,0,0
0,0,0,0,0,0,0
0,0,0,0,0,0,0
0,0,0,0,0,0,0
0,0,0,0,0,0,0
0,6.32509062342027e-06,0,0,0,0,0
0,0,0,0,0,0,0
0,0,0,0.0208190464126591,0.0390978551697798,0.0416995826049467,0.0411212245785179
0,0,0,0,0,0,0
0,0,0,0,0,0,0
0,0,0,0,0,0,0
0,0,0,0,0,0,0
0,0,0,0,0,0,0
0,0,0,0,0,0,0
0,0,0,0,0,0,0
0,0,0,0,0,0,0
0,0,0,0,0,0,0
0,0,0,0,0,0,0
0,0,0,0,0,0,0
0,0,0,0,0,0,0
0,0,0,0,0,0,0
0,0,0,0,0,0,0
0,0,0,0,0,0,0
0,0,0,0,0,0,0
0,0,0,0,0,0,0
0,0,0,0,0,0,0
0,0,0,0,0,0,0
0,0,0,0,0,0,0
0,0,0,0,0,0,0
0,0,0,0,0,0,0
0,0,0,0,0,0,0
0,0,0,0,0,0,0
0,0,0,0,0,0,0
0,0,0,0,0,0,0
0,0,0,0,0,0,0
0,0,0,0,0,0,0
0,0,0,0,0,0,0
0,0,0,0.0342269705688208,0.125865277750768,0.166962739864683,0.192077371464646
0,0,0,0.491616769210464,1,1,1
0,0,0,0,0,0,0
0,0,0,0,0,0,0
0,0,0,0,0,0,0
0,0,0,0,0,0,0
0,0,0,0,0,0,0
0,0,0,0,0,0,0
0,0,0,0,0,0,0
0,0,0,0,0,0,0
0,0,0,0,0,0,0
0,0,0,0,0,0,0
0,0,0,0,0,0,0
0,0,0,0,0,0,0
0,0,0,0,0,0,0
0,3.26726503439341e-05,1.03957368357993e-05,0,0,0,0
0,0,0,0,0,0,0
0,0,0,0,0,0,0
0.000699414175505742,0.000497172113775394,1.96250381607188e-05,0,0,0,0
0,0,0,0,0,0,0
0.000699414175505742,0.000393630845435731,5.19916492967106e-06,0,0,0,0
0,2.00688888017038e-05,0,0,0,0,0
0,2.66568184782278e-06,9.75819095649686e-07,0,0,0,0
0,3.18429878633225e-05,2.11888806909471e-05,0,0,0,0
0,0,0,0,0,0,0
0,0,0,0,0.00300056868468353,0.00267386521179491,0.00264419873926093
0,0,0,0,0,0,0
0,0,0,0,4.35921173917452e-05,8.09444985874143e-05,7.96743405963115e-05
0,0,0,0,3.90815105086586e-05,0.000373722350882315,0.000483010344747848
0,0,0,0,0,0,0
0,0,0,0,0,0,0
0,0,0,0,0,0,0
0,0,0,0,0,0,0
0,1.01729883666412e-06,0,0,0,0,0
0,0,0,0,0,0,0
0,0,0,0,0,0,0
0,0,0,0,0,0,0
0,0,0,0,0,0,0
0,0,0,0,0,0,0
0.000699414175505742,0.000699414175505742,0.000460354783894519,0,0,0,0
0,0,0,0,0,0,0
0,0,0,0,0,0,0
0,0,0,0,0,0,0
0,0,0,0,0,0,0
0,0,0,0,0,0,0
0,0,0,0,0,0,0
0,0,0,0,0,0,0
0,0,0,0,0,0,0
0,0,0,0,0,0,0
0,5.53130745985306e-05,2.18136774404479e-05,0,0,0,0
0,1.05304607196372e-05,1.02102506100095e-06,0,0,0,0
0,0,0,0,0,0,0
0,0,0,0,0,0,0
0,0,0,0,0,0,0
0,0,0,0,0,0,0
0,0,0,0,0,0,0
0,0,0,0,0,0,0
0,0,0,0,0,0,0
0,0,0,0,0,0,0
0,1.8834260389919e-06,0,0,0,0,0
0,1.08277990322352e-06,0,0,0,0,0
0,0,0,0,0,0,0
0,0,0,0,0,0,0
0,0,0,0,0,0,0
0,0,0,0,0,0,0
0,0,0,0,0,0,0
0,0,0,0,0,0,0
0,0,0,0,0,0,0
0,0,0,0,0,0,0
0,0,0,0,0,0,0
0,0,0,0,0,9.48333700541106e-06,8.24126035075321e-06
0,3.80795142150413e-05,2.08655468706501e-05,0,0,0,0
0,1.21906310814103e-05,6.48886747565919e-06,0,0,0,0
0,1.20932676204966e-05,0,0,0,0,0
0,0,0,0,0,0,0
0,0,0,0,0,0,0
0,0,0,0,0,0,0
0,3.34801661999243e-05,4.34021406213868e-06,0,0,0,0
0,0,0,0,0,0,0
0,0,0,0,0,0,0
0,0,0,0,0,0,0
0,0,0,0,0,0,0
0,0,0,0,0,0,0
0,0,0,0,0,0,0
0,2.27335438756709e-06,0,0,0,0,0
0,0,0,0,0,3.65026027234016e-06,3.1844929720902e-06
0,0,0,0,0,0,0
0,0,0,0,0,0,0
0,0,0,0,0,0,0
0,9.25984661514572e-06,0,0,0,0,0
0,0,0,0,0,0,0
0,0,0,0,0,0,0
0,0,0,0,0,0,0
0,0,0,0,0,0,0
0,0,0,0,0,0,0
0,0,0,0,0,0,0
0,4.69355109159666e-05,0,0,0,0,0
0,0,0,0,0,0,0
0,0,0,0,0,0,0
0,0,0,0,0,0,0
0,0,0,0,0,0,0
0,0,0,0,0,0,0
0,0,0,0,0,0,0
0,7.59158612750699e-07,0,0,0,0,0
0,0,0,0,0,0,0
0,0,0,0,0,0,0
0,0,0,0,0,0,0
0,0,0,0,0,0,0
0,0,0,0,0,0,0
0,0,0,0,0,0,0
0.000699414175505742,0.000365866877703162,0,0,0,0,0
0,0,0,0,0,0,0
0,0,0,0,0,0,0
0,0,0,0,0,0,0
0,0,0,0,0,0,0
0,0,0,0,0,0,0
0,6.05002587039569e-06,0,0,0,0,0
0,0,0,0,0,0,0
0,0,0,0,0,0,0
0,0,0,0,0,0,0
0,0,0,0,0,0,0
0,4.43980092751546e-05,8.00883488841784e-07,0,0,0,0
0,0,0,0,0,0,0
0,0,0,0,0,0,0
0,0,0,0,0,0,0
0,0,0,0,0,0,0
0,0,0,0,0,0,0
0,0,0,0,0,0,0
0,0,0,0,0,0,0
0,0,0,0,0,0,0
0,0,0,0,0,0,0
0,0,0,0,0,0,0
0,0,0,0,0,0,0
0,0,0,0,0,0,0
0,0,0,0,0,0,0
0,0,0,0,0,0,0
0,0,0,0,0,0,0
0,0,0,0,0,0,0
0,0,0,0,0,0,0
0,0,0,0,0,0,0
0,7.07436765088384e-06,0,0,0,0,0
0,5.05337798012246e-05,0,0,0,0,0
0.000699414175505742,0.000248511666418861,0,0,0,0,0
0,4.28497398707135e-05,0,0,0,0,0
0,5.64542834271386e-06,0,0,0,0,0
0,0,0,0,0,0,0
0,0,0,0,0,0,0
0,0,0,0,0,0,0
0,0,0,0,0,0,0
0,0,0,0,0,0,0
0,0,0,0,0,0,0
0,1.69640337980599e-06,0,0,0,0,0
0,1.96247422822251e-05,0,0,0,0,0
0,0,0,0,0,0,0
0,0,0,0,0,0,0
0,0,0,0,0,0,0
0,0,0,0,0,0,0
0,0,0,0,0,0,0
0,0,0,0,0,0,0
0,0,0,0,0,0,0
0,0,0,0,0,0,0
0,0,0,0,0,0,0
0,0,0,0,0,0,0
0,0,0,0,0,0,0
0,0,0,0,0,0,0
0,0,0,0,0,0,0
0,3.74648228105206e-05,0,0,0,0,0
0,0,0,0,0,0,0
0,0,0,0,0,0,0
0,0,0,0,0,0,0
0,0,0,0,0,0,0
0,0,0,0,0,0,0
0,0,0,0,0,0,0
0,0,0,0,0,0,0
0,0,0,0,0,0,0
0,0,0,0,0,0,0
0,0,0,0,0,0,0
0,0,0,0,0,0,0
0,0,0,0,0,0,0
0,1.08765160338547e-05,0,0,2.33964194614415e-05,2.07408461320239e-05,1.60228685870482e-05
0,0,0,0,0,0,0
0,0,0,0,0,0,0
0,4.07783277699369e-05,0,0,1.28578949424224e-05,7.52733284603802e-06,3.52440335520606e-06
0,0,0,0,0,0,0
0,0,0,0,0,0,0
0,0,0,0,0,0,0
0,0,0,0,0,0,0
0,0,0,0,0,0,0
0,1.43658536486112e-06,0,0,0,0,0
0,0,0,0,0,0,0
0,0,0,0,0,0,0
0,0,0,0,0,0,0
0,0,0,0,0,0,0
0,1.74118899395173e-06,0,0,0,0,0
0,0,0,0,0,0,0
0,5.55833838464209e-06,0,0,0,0,0
0,0,0,0,0,0,0
0,1.45685508151986e-05,0,0,0,0,0
0,4.19651693728442e-06,0,0,0,0,0
0,0,0,0,0,0,0
0,0,0,0,0,0,0
0,0,0,0,0,0,0
0,0,0,0,0,0,0
0,0,0,0,0,0,0
0,0,0,0,0,0,0
0,0,0,0,0,0,0
0,0,0,0,0,0,0
0,0,0,0,0,0,0
0,6.5555822966254e-06,0,0,0,0,0
0,0,0,0,0,0,0
0,0,0,0,0,0,0
0,0,0,0,0,0,0
0,0,0,0,0,0,0
0,0,0,0,0,0,0
0,0,0,0,0,0,0
0,0,0,0,0,0,0
0,9.22137928431784e-07,0,0,0,0,0
0,2.05507253849108e-06,0,0,0,0,0
0,0,0,0,0,0,0
0,0,0,0,0,0,0
0,0,0,0,0,0,0
0,2.79182615984456e-06,0,0,0,0,0
0,0,0,0,0,0,0
0,0,0,0,0,0,0
0,0,0,0,0,0,0
0,0,0,0,0,0,0
0,9.87097476403861e-07,0,0,0,0,0
0,0,0,0,0,0,0
0,0,0,0,0,0,0
0,0,0,0,0,0,0
0,0,0,0,0,0,0
0,0,0,0,0,0,0
0,0,0,0,0,0,0
0,0,0,0,0,0,0
0,0,0,0,0,0,0
0,0,0,0,0,0,0
0,0,0,0,0,0,0
0,0,0,0,0,0,0
0,0,0,0,0,0,0
0,0,0,0,0,0,0
0,0,0,0,0,0,0
0,0,0,0,0,0,0
0,0,0,0,0,0,0
0,0,0,0,0,0,0
0,0,0,0,0,0,0
0,0,0,0,0,0,0
0,0,0,0,0,0,0
0,0,0,0,0,0,0
0,0,0,0,0,0,0
0,0,0,0,0,0,0
0,0,0,0,0,0,0
0,0,0,0,0,0,0
0,0,0,0,0,0,0
0,0,0,0,0,0,0
0,0,0,0,0,0,0
0,0,0,0,0,0,0
0,0,0,0,0,0,0
0,0,0,0,0,0,0
0,0,0,0,0,0,0
0,0,0,0,0,0,0
0,0,0,0,0,0,0
0,0,0,0,0,0,0
0,0,0,0,0,0,0
0,0,0,0,0,0,0
0,0,0,0,0,0,0
0,0,0,0,0,0,0
0,0,0,0,0,0,0
0,0,0,0,0,0,0
0,0,0,0,0,0,0
0,0,0,0,0,0,0
0,0,0,0,0,0,0
0,0,0,0,0,0,0
0,0,0,0,0,0,0
0,0,0,0,0,0,0
0,0,0,0,0,0,0
0,0,0,0,0,0,0
0,0,0,0,0,0,0
0,0,0,0,0,0,0
0,0,0,0,0,0,0
0,0,0,0,0,0,0
0,0,0,0,0,0,0
0,0,0,0,0,0,0
0,0,0,0,0,0,0
0,0,0,0,0,0,0
0,0,0,0,0,0,0
0,0,0,0,0,0,0
0,0,0,0,0,0,0
0,0,0,0,0,0,0
0,0,0,0,0,0,0
0,0,0,0,0,0,0
0,0,0,0,0,0,0
0,0,0,0,0,0,0
0,0,0,0,0,0,0
0,0,0,0,0,0,0
0,0,0,0,0,0,0
0,0,0,0,0,0,0
0,0,0,0,0,0,0
0,0,0,0,0,0,0
0,0,0,0,0,0,0
0,0,0,0,0,0,0
0,0,0,0,0,0,0
0,0,0,0,0,0,0
0,0,0,0,0,0,0
0,0,0,0,0,0,0
0,0,0,0,0,0,0
0,0,0,0,0,0,0
0,0,0,0,0,0,0
0,0,0,0,0,0,0
0,0,0,0,0,0,0
0,0,0,0,0,0,0
0,0,0,0,0,0,0
0,0,0,0,0,0,0
0,0,0,0,0,0,0
0,0,0,0,0,0,0
0,0,0,0,0,0,0
0,0,0,0,0,0,0
0,0,0,0,0,0,0
0,0,0,0,0,0,0
0,0,0,0,0,0,0
0,0,0,0,0,0,0
0,0,0,0,0,0,0
0,0,0,0,0,0,0
0,0,0,0,0,0,0
0,0,0,0,0,0,0
0,0,0,0,0,0,0
0,0,0,0,0,0,0
0,0,0,0,0,0,0
0,0,0,0,0,0,0
0,0,0,0,0,0,0
0,0,0,0,0,0,0
0,0,0,0,0,0,0
0,0,0,0,0,0,0
0,0,0,0,0,0,0
0,0,0,0,0,0,0
0,0,0,0,0,0,0
0,0,0,0,0,0,0
0,0,0,0,0,0,0
0,0,0,0,0,0,0
0,0,0,0,0,0,0
0,0,0,0,0,0,0
0,0,0,0,0,0,0
0,0,0,0,0,0,0
0,0,0,0,0,0,0
0,0,0,0,0,0,0
0,0,0,0,0,0,0
0,0,0,0,0,0,0
0,0,0,0,0,0,0
0,0,0,0,0,0,0
0,0,0,0,0,0,0
0,0,0,0,0,0,0
0,0,0,0,0,0,0
0,0,0,0,0,0,0
0,0,0,0,0,0,0
0,0,0,0,0,0,0
0,0,0,0,0,0,0
0,0,0,0,0,0,0
0,0,0,0,0,0,0
0,0,0,0,0,0,0
0,0,0,0,0,0,0
0,0,0,0,0,0,0
0,0,0,0,0,0,0
0,0,0,0,0,0,0
0,0,0,0,0,0,0
0,0,0,0,0,0,0
0,0,0,0,0,0,0
0,0,0,0,0,0,0
0,0,0,0,0,0,0
0,0,0,0,0,0,0
0,0,0,0,0,0,0
0,0,0,0,0,0,0
0,0,0,0,0,0,0
0,0,0,0,0,0,0
0,0,0,0,0,0,0
0,0,0,0,0,0,0
0,0,0,0,0,0,0
0,0,0,0,0,0,0
0,0,0,0,0,0,0
0,0,0,0,0,0,0
0,0,0,0,0,0,0
0,0,0,0,0,0,0
0,0,0,0,0,0,0
0,0,0,0,0,0,0
0,0,0,0,0,0,0
0,0,0,0,0,0,0
0,0,0,0,0,0,0
0,0,0,0,0,0,0
0,0,0,0,0,0,0
0,0,0,0,0,0,0
0,0,0,0,0,0,0
0,0,0,0,0,0,0
0,0,0,0,0,0,0
0,0,0,0,0,0,0
0,0,0,0,0,0,0
0,0,0,0,0,0,0
0,0,0,0,0,0,0
0,0,0,0,0,0,0
0,0,0,0,0,0,0
0,0,0,0,0,0,0
0,0,0,0,0,0,0
0,0,0,0,0,0,0
0,0,0,0,0,0,0
0,0,0,0,0,0,0
0,0,0,0,0,0,0
0,0,0,0,0,0,0
0,0,0,0,0,0,0
0,0,0,0,0,0,0
0,0,0,0,0,0,0
0,0,0,0,0,0,0
0,0,0,0,0,0,0
0,0,0,0,0,0,0
0,0,0,0,0,0,0
0,0,0,0,0,0,0
0,0,0,0,0,0,0
0,0,0,0,0,0,0
0,0,0,0,0,0,0
0,0,0,0,0,0,0
0,0,0,0,0,0,0
0,0,0,0,0,0,0
0,0,0,0,0,0,0
0,0,0,0,0,0,0
0,0,0,0,0,0,0
0,0,0,0,0,0,0
0,0,0,0,0,0,0
0,0,0,0,0,0,0
0,0,0,0,0,0,0
0,0,0,0,0,0,0
0,0,0,0,0,0,0
0,0,0,0,0,0,0
0,0,0,0,0,0,0
0,0,0,0,0,0,0
0,0,0,0,0,0,0
0,0,0,0,0,0,0
0,0,0,0,0,0,0
0,0,0,0,0,0,0
0,0,0,0,0,0,0
0,0,0,0,0,0,0
0,0,0,0,0,0,0
0,0,0,0,0,0,0
0,0,0,0,0,0,0
0,0,0,0,0,0,0
0,0,0,0,0,0,0
0,0,0,0,0,0,0
0,0,0,0,0,0,0
0,0,0,0,0,0,0
0,0,0,0,0,0,0
0,0,0,0,0,0,0
0,0,0,0,0,0,0
0,0,0,0,0,0,0
0,0,0,0,0,0,0
0,0,0,0,0,0,0
0,0,0,0,0,0,0
0,0,0,0,0,0,0
0,0,0,0,0,0,0
0,0,0,0,0,0,0
0,0,0,0,0,0,0
0,0,0,0,0,0,0
0,0,0,0,0,0,0
0,0,0,0,0,0,0
0,0,0,0,0,0,0
0,0,0,0,0,0,0
0,0,0,0,0,0,0
0,0,0,0,0,0,0
0,0,0,0,0,0,0
0,0,0,0,0,0,0
0,0,0,0,0,0,0
0,0,0,0,0,0,0
0,0,0,0,0,0,0
0,0,0,0,0,0,0
0,0,0,0,0,0,0
0,0,0,0,0,0,0
0,0,0,0,0,0,0
0,0,0,0,0,0,0
0,0,0,0,0,0,0
0,0,0,0,0,0,0
0,0,0,0,0,0,0
0,0,0,0,0,0,0
0,0,0,0,0,0,0
0,0,0,0,0,0,0
0,0,0,0,0,0,0
0,0,0,0,0,0,0
0,0,0,0,0,0,0
0,0,0,0,0,0,0
0,0,0,0,0,0,0
0,0,0,0,0,0,0
0,0,0,0,0,0,0
0,0,0,0,0,0,0
0,0,0,0,0,0,0
0,0,0,0,0,0,0
0,0,0,0,0,0,0
0,0,0,0,0,0,0
0,0,0,0,0,0,0
0,0,0,0,0,0,0
0,0,0,0,0,0,0
0,0,0,0,0,0,0
0,0,0,0,0,0,0
0,0,0,0,0,0,0
0,0,0,0,0,0,0
0,0,0,0,0,0,0
0,0,0,0,0,0,0
0,0,0,0,0,0,0
0,0,0,0,0,0,0
0,0,0,0,0,0,0
0,0,0,0,0,0,0
0,0,0,0,0,0,0
0,0,0,0,0,0,0
0,0,0,0,0,0,0
0,0,0,0,0,0,0
0,0,0,0,0,0,0
0,2.80422600632519e-05,9.6771406639144e-05,5.12376069099162e-05,5.95629059161138e-06,6.92052149636723e-06,6.11104194501804e-06
0,1.01058908855001e-05,0.000122065030326718,7.73668220082941e-05,1.9715398106066e-05,2.55221073757346e-05,2.02886922419064e-05
0,2.10867243269298e-05,8.50921095253254e-05,4.45956470527505e-05,5.43113107653096e-06,6.90747829843719e-06,6.11745229562628e-06
0,6.76929350425786e-05,8.2050653979665e-05,2.86810008974833e-05,1.54467668025872e-06,0,0
0,0.000176212616247586,0.00033790388544374,0.000121327389920423,1.4532415642314e-05,2.07805306431802e-06,0
0.000699414175505742,0.000465214911071197,0.000309229977695092,8.07855053482338e-05,0,0,0
0.000699414175505742,0.000483971911467781,0.000345829475554417,0.000104133228836244,1.07344995071945e-05,0,0
0.000699414175505742,0.000717119040177472,0.000773592132139227,0.000699414175505742,6.73854234105233e-05,0,0
0.000699414175505742,0.000725885904934422,0.000734550467190789,0.000215326199432291,2.2601969313195e-06,0,0
0.000699414175505742,0.000798541665431778,0.000900866112935289,0.000699414175505742,7.00712707196486e-05,0,0
0,0.000238253120963615,0.000354696273705196,0.00010919057560365,6.19715580632046e-06,0,0
0,0.000169425906461646,0.00018861954974035,6.50692788797007e-05,1.50036331111247e-06,0,0
0,2.47894838096875e-05,5.29644395576834e-05,1.20267628496688e-05,0,0,0
0,8.71167189658918e-05,0.000164042799717071,6.8376575698279e-05,1.31852339483245e-06,0,0
0,5.59155339085472e-05,9.42161640500339e-05,1.96226243770756e-05,0,0,0
0,0.00048357291804102,0.000481647451601551,0.00013992954100389,6.81170384027299e-06,4.75277246075682e-06,3.45493626020225e-06
0,0.000461780670132474,0.000528327630078369,0.000225392286758913,3.13772763477867e-05,5.99384560957935e-06,0
0,0.000311174447771789,0.000802667382470355,0.000198374929793524,2.62846540298253e-05,4.53386783857082e-06,0
0,0.00129022659227264,0.00123585326712704,0.000389014796622601,5.90472706376307e-05,1.73670960920415e-05,0
0,0.00251334765220922,0.00199456418390754,0.00154568548158199,0.000699414175505742,4.82321840079489e-05,0
0,0.00325853477381325,0.00292104240610775,0.00103782369491925,0.000136652865429021,3.92034008504943e-05,1.14100011115566e-05
0,0.00160719281794598,0.002952091125252,0.0014485428987354,0.000699414175505742,5.27020609452497e-05,0
0,0.00111151473371489,0.00125918585491372,0.0004429156706401,7.01046895816645e-05,1.62634325885146e-05,0
0,0.00344795441830789,0.00569084495487915,0.00262445207918213,0.000699414175505742,5.34797809629402e-05,1.85194569749558e-06
0,0.00805235339774584,0.0108380703691198,0.0039951846421356,0.000363777620418094,4.47993223776263e-05,1.72869042906378e-05
0,0.00514067425568376,0.00549143372629088,0.00282796226957453,0.000699414175505742,6.3605956577802e-05,1.00187362886911e-06
0,0.00638426690984952,0.00608192510682829,0.00203716984992859,0.000699414175505742,6.19237260224528e-05,4.08428261166223e-06
0.00478405306208744,0.00294128872752452,0.00191177318803348,0.000459464219538307,8.48102609823631e-05,3.3368417336529e-05,0
0.00786549764049722,0.00395253421099174,0.00309828593425854,0.000905065032585879,0.000110943960244116,3.39450831333413e-05,1.63074887020313e-05
0.00692796215463529,0.00314664363503253,0.00535012196748852,0.0010851669663884,0.000108567397529034,3.02394555580367e-05,2.09477607460955e-06
0.00283657735452957,0.00262811284047678,0.00260517477778815,0.000538257853201754,7.10156663027121e-05,2.00422824235437e-05,7.38013814817452e-07
0,6.577733311873e-05,8.16641680534951e-05,1.06300088016131e-05,0,0,0
0,8.15454911593361e-05,0.000123514798290056,3.38404721512413e-05,1.26839814835737e-06,0,0
0,0.000113223810514269,0.000278155365240023,0.000106004295540374,8.09526610786121e-06,8.38624291130254e-07,0
0,0.000935121367531335,0.00082247812758028,0.000220731763276042,3.13910233970842e-05,6.72656051665059e-06,0
0.00344796152289313,0.0022921326038228,0.00192470866109221,0.00140736111260131,0.000699414175505742,4.88936301908879e-05,3.67861447358174e-06
0.0067266889902998,0.00468846446466373,0.00366099436674202,0.00231579020901396,0.000225753684377813,3.25826182959922e-05,2.16435395836584e-05
0.00677738368965112,0.00496570378198971,0.00655695487652217,0.00274480474277208,0.000699414175505742,0.000699414175505742,5.03136421025026e-05
0,0.00606352420532641,0.00384345454672942,0.00103802870350794,0.000122133278596522,3.44014205151504e-05,1.49233354440443e-05
0.0196763189450638,0.0143052821837727,0.0111306615053539,0.00406510244929505,0.00118268588253722,0.000727927547215908,0.000502407439077839
0.0164237040960138,0.012377697078926,0.00974603574959062,0.00338975207211264,0.000758173627821349,0.000699414175505742,6.54348416922773e-05
0.0120194824138514,0.0105548950944899,0.00736505358082718,0.00151250590685052,0.000202029996349918,2.86415933636401e-05,1.12454001210013e-05
0,8.53602531156352e-05,0.00010296140635919,2.42900829712165e-05,0,0,0
0,0.000204021509054235,0.000283489435165265,6.88394605619394e-05,6.4944089126859e-06,7.1943648300066e-07,0
0,0.000727838485806593,0.000420685846991079,0.000113105889916166,2.4749595284052e-05,2.08018439906838e-06,0
0,0.000131256548004486,0.00014072128430185,2.11426093779145e-05,0,0,0
0,8.88320786657503e-05,0.000108364575071852,1.57935141423341e-05,1.17146275849687e-06,0,0
0.000776124820166413,0.00145111945378651,0.00171986439676683,0.000699414175505742,0.000699414175505742,4.9580575119355e-05,1.11245576638487e-06
0.00380074041121282,0.00490904517301535,0.00479295516132342,0.00114321068476088,0.000115412732232685,3.19727957823695e-05,5.19572852137329e-06
0.00231719839002883,0.0016310714640028,0.00127142914054869,0.000330908442132591,4.72195974788447e-05,1.78977790335768e-05,5.01314353256853e-06
0.001321896285844,0.000974378980512998,0.000746585885460252,0.000189947489635264,2.17337309346174e-05,8.02612217188908e-06,2.16983175322928e-06
0,2.73081087516511e-05,2.3533391975101e-05,1.90385126366216e-06,0,0,0
0,1.88857039771122e-05,3.45988291799623e-05,1.34725839313382e-06,0,0,0
0.00204565719031161,0.00171777964428582,0.00150001883258802,0.000412335294378984,5.7143342304803e-05,2.17489291853713e-05,5.72023609772604e-06
0.00264236921196936,0.00348865248738144,0.0035123325888733,0.00131613990511118,0.000699414175505742,4.55583982722068e-05,1.30318815654098e-06
0.000699414175505742,7.52841329766231e-05,4.18635653233807e-05,0,0,0,0
0.000699414175505742,0.000699414175505742,0.000171492999150162,5.44726651469483e-05,7.3523446418466e-06,0,0
0.00137033159526777,0.00190988860178525,0.00187574924345821,0.000716287009250814,0.000699414175505742,4.23014597436863e-05,0
0.000726178031023389,0.000523061381011786,0.000419038933164452,0.000253315200353545,3.764284416245e-05,5.97119575244076e-06,0
0.000851618481629471,0.000868300591998763,0.000796138119667939,0.000699414175505742,5.80933677834227e-05,8.77644872307699e-06,3.12636110077591e-06
0.000699414175505742,0.00111166194398609,0.00122469047919719,0.000699414175505742,0.000699414175505742,0.000699414175505742,4.6764052003827e-05
0,0.000102769946382453,8.22180060999105e-05,2.84692214114588e-06,0,0,0
0,0.000268164689944974,0.000227392861400425,3.99406000093447e-05,1.1073672819184e-05,2.2942454693553e-06,1.84236819936412e-06
0.00209327725395615,0.00159023812792307,0.00126958822396438,0.000332005299206341,4.70293009914786e-05,8.03825905622323e-06,2.10688717664043e-06
0.00377204051119377,0.00239581874190923,0.00182393327455316,0.000497636438095148,7.39146465394049e-05,1.80703325921094e-05,3.98489423722579e-06
0.00344819489752944,0.00236796783253546,0.00178203449151056,0.000459144609407213,0.000124960856634289,1.42615408469604e-05,2.24658854802977e-06
0.00293537922466496,0.00234705704840778,0.00186233823078069,0.000923554385545328,0.000699414175505742,4.52126062485435e-05,1.78885712992231e-06
0.000699414175505742,0.00045921422424385,0.000331437412008994,8.89037887865533e-05,1.95051344778154e-05,3.83805602487718e-06,1.11442204393622e-06
0,2.25553805857224e-05,1.55187684178315e-05,9.61019342698418e-07,0,0,0
0,1.0188818070642e-05,8.23688903302998e-06,0,0,0,0
0,1.36735600036665e-05,1.3926251085586e-05,0,0,0,0
0.000699414175505742,0.000479644250744997,0.000356426287257366,9.57857829057961e-05,2.16288004860615e-05,4.79578569949573e-06,0
0.00249263138426229,0.00317663464282551,0.0030046501544776,0.00102934217405165,0.000699414175505742,4.37866628033967e-05,0
0.00650816303388138,0.00353628463076968,0.00270113637642245,0.000784918908428778,9.73768530091563e-05,2.16648853206915e-05,1.20704489197972e-05
0.00310581026288441,0.0016267267681831,0.00118806216236363,0.000338645057147743,5.57688526022459e-05,1.56112051123933e-05,7.49625704592012e-06
0.00478902552188097,0.00308529111799157,0.00225973740233764,0.000804104785391537,0.000104627814908569,2.55490641331686e-05,1.03860127027771e-05
0.00785457977861212,0.00839282384234697,0.00741966023854147,0.00129756991071235,0.000147543709228842,3.47965713016152e-05,2.0891094813002e-05
0,0.000181880941607759,0.000125445979769927,0,0,0,0
0,9.93179718912079e-05,6.39412043719511e-05,0,0,0,0
0,8.14190918166981e-05,5.28653235291173e-05,0,0,0,0
0,3.64263585186119e-05,2.298494748649e-05,0,0,0,0
0,4.90333641360454e-05,5.17438092005759e-05,5.15083395646032e-06,0,0,0
0,9.61323350156927e-06,1.01830575149869e-05,0,0,0,0
0,1.43802773578756e-05,2.05784731603944e-05,1.46951951439235e-06,0,0,0
0.00186118362333108,0.00124513652364936,0.000864599250381936,0.000194019973068631,2.98274405911724e-05,5.44531570889665e-06,1.69096422780742e-06
0.00516952210179526,0.00585781456595904,0.00490390126190597,0.00107952839346969,0.000121213027183467,4.16311825022965e-05,1.65833276885297e-05
0.0107097037795431,0.00573080152442691,0.00425117569100184,0.00175893519752804,0.000222350797702479,5.52572788741606e-05,6.35653501719867e-05
0.00988719233373657,0.0102053687784751,0.00892359655576136,0.003999877430172,0.000262045210744866,4.58400335546214e-05,5.68249109342631e-05
0.00774685516760563,0.00831860819476971,0.00666412792144084,0.00180095789368994,0.000143685433461005,0.000109695645022163,8.72780292423857e-05
0.00666507525549353,0.00732958262479973,0.00557529954764741,0.0012918894963244,0.000122764766642364,0.000102795974170549,7.87669939894694e-05
0.001716819298682,0.00191846209176504,0.00051506702277271,0.000165480344682865,5.08153178452059e-05,6.62477719936424e-06,3.51700303626047e-06
0.00662332109899509,0.0069759050776007,0.00605556493494161,0.00188452900198097,0.000142743405439327,5.94275669962807e-05,4.44635945266961e-05
0,4.18316203543483e-05,3.20389323626837e-05,6.15312688821109e-06,0,0,0
0,8.58567347154069e-05,7.66085475038179e-05,1.406906668494e-05,0,0,0
0,0.00071818053679396,0.00028183268041368,4.53743212553501e-05,1.98173497971349e-06,0,0
0.0102922355183781,0.00690764677893688,0.00501679853327213,0.00193788630003857,0.000194075453790448,6.00078393157759e-05,4.12238065837484e-05
0.0149028483528751,0.00923116823236933,0.00666439545944919,0.00579034531328357,0.001486938901952,0.000942424499719492,0.000859697954725733
0.0135624404235785,0.00730966912795167,0.00532980169616652,0.00269239355269772,0.00304216826327751,0.00110924437082063,0.00093626921964258
0.0371913110387938,0.0199893437733785,0.0143825290419848,0.00713057370201339,0.00924395296717843,0.00804833933529638,0.00764952398446148
0.000699414175505742,0.000172904597559914,6.99819769129547e-05,0,0,0,0
0,0.000164449534183384,8.55084971290728e-05,0,0,0,0
0.000699414175505742,0.000699414175505742,0.000122518072083127,0,0,0,0
0.0456478041574068,0.0251649636901556,0.0185300678970188,0.0223689484718335,0.0116819945453947,0.00883976823032622,0.00814578732658443
0.0199784814614531,0.0109137123272554,0.00793127739110606,0.00305897295353612,0.00137854388357583,0.00109181620782932,0.00102569898667758
0.00320486255613627,0.00359913267221979,0.0024360598310662,0.000298783735249119,5.6318823323067e-05,4.16835564115634e-05,3.17542305567512e-05
0,7.99946175477729e-05,5.12338357277597e-05,1.24990262228642e-05,0,0,0
0.000699414175505742,0.000699414175505742,9.28563439389274e-05,3.75176829040476e-05,0,0,0
0.01550078129056,0.0160692611337205,0.0136609402099758,0.00309294053150203,0.00118393995995468,0.000939719348998673,0.000890960183760367
0.00751824945187259,0.00770572140096226,0.00671156870239713,0.00211470878768603,0.000699414175505742,6.48778430062661e-05,7.93139683496755e-05
0,0.00012688282893863,4.96218429243585e-05,1.06857840666988e-06,0,0,0
0.000699414175505742,0.000699414175505742,0.000143524061584888,0,0,0,0
0.000699414175505742,0.000386681197048289,0.000239129532799121,5.8261283747692e-05,1.73062632940039e-05,0,0
0.000707199793064802,0.00112977246930667,0.000385100648203947,8.09823850524328e-05,1.40806877165945e-05,0,0
0.000699414175505742,0.000251250172551703,0.00012266141937,2.04811676492182e-05,3.3965284577598e-06,0,0
0.000699414175505742,0.000699414175505742,8.20116813953038e-05,8.9133824279891e-06,0,0,0
0.000699414175505742,0.000181873096519953,0.00011660773374273,9.45932115673076e-06,0,0,0
0.000699414175505742,0.000699414175505742,0.000153181694400638,2.37274288710785e-05,2.68564652004922e-06,0,0
0,0.000218569820531226,0.000119099067780628,1.14650775095174e-05,0,0,0
0.000699414175505742,0.000224092325074844,7.47082205436451e-05,1.66540456447813e-06,0,0,0
0.0163063360700985,0.00816141109198655,0.00602760500009328,0.00727663463795503,0.00436154672972822,0.00158609321530503,0.00136192174674772
0.161261778063823,0.106907938680739,0.0807582831669232,0.0685285180990284,0.0341167251886288,0.0264618154611124,0.0247393425468468
0.00866725777112916,0.00435264570942573,0.00307544987663011,0.000912101403630755,0.000193025279435524,0.000153434999457442,0.000101350862754678
0.00287466298561693,0.0016686653262504,0.00125026128385699,0.000193853200237406,9.49495139643623e-06,3.36576358954764e-06,7.3683372324786e-06
0.0631570420591384,0.0393697827867134,0.0316686114611719,0.0135118745645699,0.00477372291727932,0.00342780403109984,0.00316038383904864
0.0379126685621087,0.0391678723850506,0.033536495460495,0.00790530441135963,0.00347867426935284,0.00290227624981602,0.00278054781598413
0.0175911112275626,0.0173245642336253,0.0149871284858276,0.00353677172261545,0.00150786232723857,0.00120109290050851,0.00112871681943033
0.0100769192405018,0.00583676757738882,0.0043350333442806,0.00174017239661259,0.00018545683358962,8.24566211247519e-05,5.37779799333179e-05
0.00249654579593317,0.00278828088562033,0.0014284558561208,0.000285659622288054,4.444547357006e-05,1.56734147151764e-05,4.65320993797396e-06
0,0.000417954779623591,0.000250857835565553,6.01472892789458e-05,1.08814890024914e-05,3.62285381622844e-06,0
0,0.000295105928773833,0.000291203073572966,4.58767222930164e-05,3.14174350153257e-06,8.13337715534352e-07,0
0.847277784021054,1,1,0.683621679464214,0.160698070853238,0.0476582967000795,0.0238564295911371
0,9.90221615624595e-05,5.06413439888429e-05,1.51304504757183e-05,0,0,0
0.000699414175505742,0.000699414175505742,0.000107594331075107,5.08213783712692e-05,1.69171904759641e-06,1.28163278838589e-06,2.76654067152812e-06
0.00284020253229516,0.000872797882302793,0.000787383953321999,0.000344730178996704,0.000219974449961961,0.00039984432148558,0.000240518510030457
0.0595857435281506,0.0282574651272077,0.0224122678865597,0.0117203402528739,0.0067654849521419,0.00603263377863733,0.0058720985448031
0.00961789199189021,0.00413039197734321,0.00313470594129738,0.000911234341061451,0.000193525267057947,0.000170629405189222,0.000138414853098397
0.0202187779289283,0.00911426180625171,0.00704391556403652,0.00349796653591527,0.00176236066554429,0.00139821506375575,0.00131425777061135
0.0338808013631173,0.0155277087154943,0.0123436203023772,0.00638469171044396,0.0034529428000675,0.0029089270048926,0.00279473891350165
0,0.000103126496206338,4.96298770637402e-05,1.87752189409975e-06,0,0,0
0.000699414175505742,0.000308260533657226,0.000178783078034197,3.19473753651062e-05,0,0,0
0.000699414175505742,0.000216925053090277,8.4321110548864e-05,5.9122992476378e-06,0,0,0
0,0.00192879934709496,0.00173285988911731,0.000447294402528435,6.12456002829667e-05,1.53066170057784e-05,2.37451923499528e-06
0.00382747838654315,0.00452717281362601,0.0043657056042336,0.0014772840010998,0.000699414175505742,4.84578522617032e-05,4.36214024304714e-06
0,0.00189228966777353,0.0028521372957969,0.0010744094210387,0.000699414175505742,5.46430188695102e-05,4.15866113559294e-06
0,0.00129618839665056,0.00234546666976292,0.00098770124301041,0.000699414175505742,6.04278181958789e-05,3.35520456555039e-06
0.000699414175505742,6.38603301982118e-05,3.64170971268044e-05,1.50329777140886e-05,0,0,0
0,0.00017350278347422,0.000762544304988975,0.000296968394673111,0.000215244318547924,0.000397438122717696,0.000235453834412568
0,0.0795698520679214,0.161713556060837,0.255916217820118,0.21130674758911,0.131010809188484,0.0850410107764075
1,1,1,1,1,1,1
0.168582201788711,0.103376916157294,0.0816443023365494,0.0345558717044733,0.0331498868475909,0.0296890694840662,0.0287532026994606
0.698886101390282,0.83180318431487,0.905167339741641,0.38911798622792,0.0903803249944164,0.044590043728582,0.0373502638054396
0,0.0128232114437668,0.0072359955907609,0.00809453579707061,0.00485681644049327,0.0040562066798595,0.00392245410108854
0,0.00597364176922827,0.00352443491750921,0.00199207930883118,0.00123122973281613,0.00100802072918858,0.000975792938178552
0.0133543720720339,0.0149561172806867,0.0148591080812554,0.00414012831104309,0.000699414175505742,0.000699414175505742,6.36461712381075e-05
0.00607114346377309,0.00739568222568302,0.00730242784618637,0.00241968251927467,0.000699414175505742,6.00872763910193e-05,2.26644079280163e-05
0,0.0039894070285085,0.00231321491118614,0.00149002958716228,0.00115003505311496,0.00252905271351892,0.00258947979823718
