"V1","V2","V3","V4","V5","V6"
1.80916169876096e-05,3.306110714721e-05,8.80453372746108e-06,2.97698688116283e-06,2.89698493059202e-06,2.82717613244454e-06
0.000332401315032818,0.000305567927817512,2.75556100849648e-05,4.07269957414782e-06,2.21072169780565e-06,1.84402213489495e-06
2.06721665545411e-05,2.71967718122158e-05,8.40583592244687e-06,2.74821835438724e-06,2.67570954931075e-06,2.61254319382253e-06
0.000341308562852466,0.000290920807770341,2.69406605262885e-05,3.49823615849301e-06,1.82426479825609e-06,1.52480288019381e-06
6.75089230783559e-06,9.53704196523154e-06,2.46387415672097e-06,1.04024936470759e-06,1.0096157050611e-06,9.82683587843706e-07
3.42528472598875e-05,3.26438847240596e-05,9.65650481460241e-06,2.71992201652577e-06,2.63904406860932e-06,2.56788649085879e-06
5.62201143604017e-06,6.91580149160125e-06,1.68083474804849e-06,7.12338835529173e-07,0,0
1.35906435059052e-05,1.1580874419512e-05,2.58576133015029e-06,1.0990714710995e-06,1.0665411966766e-06,1.03793060617817e-06
0,0,0,0,0,0
0,0,0,0,0,0
0,0,0,0,0,0
0,0,0,0,0,0
0,0,0,0,0,0
0,0,0,0,0,0
0,0,0,0,0,0
0,0,0,0,0,0
0,0,0,0,0,0
0,0,0,0,0,0
0,0,0,0,0,0
0,0,0,0,0,0
0,0,0,0,0,0
0,0,0,0,0,0
0,0,0,0,0,0
0,0,0,0,0,0
0,0,0,0,0,0
0,0,0,0,0,0
0,0,0,0,0,0
0,0,0,0,0,0
0,0,0,0,0,0
0,0,0,0,0,0
0,0,0,0,0,0
0,0,0,0,0,0
0,0,0,0,0,0
0,2.62388602398005e-06,0,0,0,0
0,1.76067204694138e-06,0,0,0,0
0,0,0,0,0,0
0,0,0,0,0,0
0,0,0,0,0,0
0,0,0,0,0,0
0,0,0,0,0,0
0,0,0,0,0,0
0,0,0,0,0,0
0,0,0,0,0,0
0,0,0,0,0,0
0,0,0,0,0,0
0,0,0,0,0,0
0,0,0,0,0,0
0,0,0,0,0,0
0,0,0,0,0,0
0.0006026019403287,9.93598465955913e-05,3.07847951232829e-05,9.65002484994557e-06,5.30064689116041e-06,3.83459810464869e-06
0.00085413505308616,0.000139067888744168,4.84973108718115e-05,1.73727295830009e-05,8.87644740563023e-06,6.17139759057837e-06
0.0019275264837145,0.0015475284936573,0.00122794909222672,0.00071035804682964,0.000344275530202686,0.000221305623371921
0.00016452174622424,0.000865003044417112,0.000501801975183481,0.000193807568141273,0.000112785919645392,8.07686111839185e-05
0.00025716243401295,0.00136006526456576,0.00021175653459937,0.00018463050370007,0.000143225224252134,2.70720016298431e-05
0.000947539584313344,0.000152700893853775,4.6842759606724e-05,1.4862147333799e-05,8.44440341164401e-06,6.14652334029348e-06
0.000212584185064357,0.000118598965463351,9.59833514145576e-05,5.80864803713762e-05,2.90569741475233e-05,1.81617259651868e-05
0,0,0,0,0,0
0,0,0,0,0,0
0,0,0,0,0,0
0,0,0,0,0,0
0,0,0,0,0,0
0,0,0,0,0,0
0,0,0,0,0,0
0.00019420543588006,0.000106345858331436,9.23336488262286e-05,6.11954534985308e-05,3.1217845258248e-05,1.98462121009504e-05
0.000267545813298594,0.000150986879575257,0.000240078685918174,0.000250522725145839,0.000200320847346884,0.00017610897136036
0.000241837513791624,0.000133993372335715,0.000957680824845903,0.000120782463218402,0.000335123971069883,0.000232280693158403
0.000280754586138578,0.000164038189559186,0.000126792673867815,0.000178440120175159,0.000343329317027903,0.000232149742749271
0.00378412251776257,0.00316530883101181,0.000592540945419405,0.000395986178039055,0.00030428369911786,0.00026930981672964
0.00384747904135409,0.00316510012531449,0.00307517598278293,0.00280139522892915,0.00220992628148274,0.0019396753063373
0.00344394424332154,0.00290655090064859,0.00331891773751627,0.000552961244276603,0.000296886766955503,0.00233930636628239
0.00341607067679019,0.00287345653322349,0.00283745900648451,0.00257568851183169,0.00201395485957506,0.00175437906196752
0.000309653268770284,0.000177496718775726,0.000298410266814135,0.000313189555072456,0.000251933017320944,0.000222491022456646
0.00198902869333702,0.00155335659399035,0.000361745116841557,0.00023816655676433,0.000183981459260159,0.000159835936268929
0.000265111441390011,0.000144595067413755,0.000253522659065514,0.000275046302225061,0.000224851270120001,0.000199532306096574
0.00029208019851821,0.000156512226698154,0.000278587952670917,0.000300896458730116,0.000247965473868716,0.000220812934874993
0,0,0,0,0,0
0,0,0,0,0,0
0,0,0,0,0,0
0,0,0,0,0,0
0,0,0,0,0,0
0,0,0,0,0,0
0,1.85895593462829e-06,0,0,0,0
0,0,0,0,0,0
0,0,0,0,0,0
0,0,0,0,0,0
4.58908358542646e-05,6.28999525687248e-05,1.08062985687592e-05,2.20297123770839e-06,2.14779738097464e-06,2.09996895627168e-06
0.000308511971433645,0.000299141517902038,0.000117080771870131,2.66020129062292e-05,1.44014289924392e-05,1.16291116253519e-05
3.43653817024265e-05,5.89360678032348e-05,1.21310677617744e-05,2.95369336321967e-06,2.87924503946493e-06,2.814665526633e-06
0,0,0,9.90563764403292e-05,0.000584078051242114,0.000822702578551514
0,0,0,1.63722523548142e-05,6.80512357804873e-05,7.23195732158933e-05
0,0,0,0,0,0
0,0,0,0,0,0
0,0,0.000342876327672596,0.0168858907090554,0.0402207379412386,0.0725536867926298
0,0,0.00425156970147884,0.0338015389516743,0.0462420746392596,0.0623775753370453
0.000303221190955257,0.000163991483366864,0.000688096084335384,0.000334561290332358,4.54105997309402e-05,1.60449924427646e-05
0.000183208450804516,0.000100062937806143,0.000510870438673323,0.000275966373307488,0.000183028143625996,0.000121420414843482
0.000154644695306129,8.21113668336154e-05,0.000323416084387269,2.81043014842347e-05,1.07759586126891e-05,6.50765731298664e-06
0.000164832252581086,8.93032374549551e-05,4.77033918574837e-05,1.91246233334835e-05,1.18036325871882e-05,7.86713604543485e-06
0,0,0,0,0,0
0,0,0,0,0,0
0,0,0,0,0,0
0,2.71023679634953e-06,0,0,0,0
0,0,0,0,0,0
0,0,0,0,0,0
0,0,0,0,0,0
0,0,0,0,0,0
0,0,0,0,0,0
0,0,0,0,0,0
0,0,0,0,0,0
0,0,0,0,0,0
0,0,5.96771622192483e-06,0.00859374403162889,0.0211846718054159,0.028322053674127
0.000737969781129994,0.000123092897693189,0.000331794922282462,2.43423036320751e-05,7.13462451760727e-06,4.65954065474445e-06
0,0,0,0,0,0
0,0,0,0,0,0
0,0,0,0,0,0
0,0,0,0,0,0
0,0,0,0,0,0
0,0,0,0,0,0
0,0,0,0,0,0
0,0,0,0,0,0
0,0,0,0,0,0
0,0,0,0,0,0
0,0,0,0,0,0
0,0,0,6.65670119179319e-05,0.000343573899124893,0.000493621311087814
0,0,0,2.28139366961108e-06,4.63527170802466e-06,1.22494000824291e-05
0,0,0.00974436084910444,0.0546468919403215,0.0732847965238209,0.0969796538611081
0,0,0,0,0,0
0,0,0,0,0,0
0,0,0,0,0,0
0,0,0,0,0,0
0,0,0,0,5.21779820464975e-05,0.000128625360617637
0,0,0,0,0,0
0,0,0,0,0,0
0,0,0,0,0,0
0,2.83845287543438e-06,0,0,0,0
4.35071835013091e-05,3.21694935352956e-05,1.88829211085601e-06,0,0,0
0.000206855190989865,0.000141163022397416,4.67211204861453e-05,1.02390071242099e-05,6.47658545029244e-06,5.65992965657907e-06
0.000101291281352351,9.74915739572263e-05,1.86334809224234e-05,3.8238629724219e-06,2.86408742140778e-06,2.51165362476122e-06
0.000415486872782448,0.000329216010928319,3.13727488730955e-05,5.59797257230828e-06,2.66841978696238e-06,1.62795259055883e-06
0.000124151628085557,0.000122330962127742,2.32729183100368e-05,0,0,0
2.84587673065873e-06,0,0,0,0,0
0.000261199612887013,0.000256249278213242,0.000105223800631154,3.24522281837572e-05,1.8858947349531e-05,6.44799926518284e-06
0.00020789584267925,0.000203895741888742,0.000103779273531875,3.21121896778276e-05,1.86713452124351e-05,6.35877416471575e-06
0.000129521721541756,0.000126831064984565,2.89605278190636e-05,0,0,0
8.71640360131084e-05,8.52362893535916e-05,2.15237584351635e-05,0,0,0
0.000167768966836286,0.000147872169837356,6.86446181435596e-05,1.28004962723032e-05,6.70698090011181e-06,5.59790136103574e-06
0.000455968259967885,0.000398149823377516,0.000154898289832143,6.62192624938091e-05,3.76547772506659e-05,2.29489911045773e-05
0.000339626972888997,0.000328667113586583,0.000121678831859837,5.70608561738596e-05,3.02646930427319e-05,2.10172290179248e-05
0.000263404841766809,0.000258247988228593,0.00011278578787855,3.93750632535964e-05,1.8930109652791e-05,1.60618985914754e-05
0.000172968213099527,0.000169290998581766,7.04637130727233e-05,1.30982406499221e-05,6.86351963386088e-06,5.7289999199898e-06
0.000138260466226826,0.000136444690096507,2.9415673074711e-05,1.1932656117273e-05,6.25078610624939e-06,0
0.000265234680327378,0.000259256407589421,0.000111902209025451,3.2198451990756e-05,1.87185548004186e-05,6.34174441165851e-06
0.000177804869026241,0.000174116528560795,7.64804400896386e-05,1.3281319478749e-05,6.9597790704869e-06,5.80962059843125e-06
0.000141937660160028,0.000139295035707156,5.49563190625138e-05,1.21489683201076e-05,6.36448410307851e-06,0
0.000120875662128977,0.000119191463270897,2.26898185891464e-05,0,0,0
0.000145072324178137,0.000141606414945676,5.56916146245174e-05,1.22590699520729e-05,6.42235833877107e-06,5.35956133809134e-06
0.000122896540219572,0.000121120455395336,2.78858030012612e-05,0,0,0
4.81473747490627e-06,1.00608255789658e-05,0,0,0,0
0,0,0,0,0,0
0,0,0,0,0,0
0,0,0,0,0,0
0,0,0,0,0,0
0,0,0,0,0,0
0,0,0,0,0,0
0,0,0,0,0,0
0,0,0,0,0,0
0,0,0,0,0,0
0,0,0,0,5.21779820464975e-05,0.000128625360617637
0,0,0,0,0,0
0,0,0,0,0,0
0,0,0,0,0,0
0,1.43588218458004e-06,0,0,0,0
0,0,0,0,0,0
0.000344200436399235,0.000225131274214515,9.76013890879907e-05,2.68948104836249e-05,1.61847530157427e-05,1.24258386911765e-05
0.000485100737237834,0.000317224489960351,3.33162661596002e-05,7.95428810276271e-06,3.93550923264325e-06,2.7526063034827e-06
0,0,0,0,0,0
0,0,0,0,0,0
0,0,0,0,0,0
0,0,0,0,0,0
0.000341603307249083,0.000240560724215273,9.6867706617588e-05,4.79250768826067e-05,2.69001595542165e-05,1.73005309572515e-05
0.000377708899900942,0.000245476902351523,9.6950578668395e-05,4.38329459616109e-05,2.93197206106651e-05,1.84039395213263e-05
0.000548063204440496,0.000116951962174782,2.94589774763553e-05,1.29613712674556e-05,7.49233242621774e-06,4.61108236721839e-06
0.000476353113174516,0.000344696673086022,5.71427291278676e-05,1.01266467686153e-05,4.76598654381626e-06,2.7623987453209e-06
0.000485891104500617,0.00035914161955355,5.7658456833308e-05,1.08683144607421e-05,5.56447826790639e-06,3.03285492834499e-06
0,0,0,0,0,0
0,0,0,0,0,0
0,0,0,0,0,0
0,0,0,0,0,0
0,0,0,0,0,0
0,0,0,0,0,0
0,0,0,0,0,0
0,0,0,0,0,0
0,0,0,0,0,0
0,0,0,0,0,0
0,0,0,0,0,0
9.71297430132338e-07,2.02952038856337e-06,0,0,0,0
0,0,0,0,0,0
0,0,0,0,0,0
0,0,0,0,0,0
0.000298422248645443,0.000200763570679809,8.65300617454006e-05,4.16936491904219e-05,1.84808599880155e-05,1.2140494848582e-05
0,0,0,0,0,0
0,0,0,0,0,0
0,0,0,0,0,0
2.04408383817424e-06,0,0,0,0,0
0,0,0,0,0,0
0,0,0,0,0,0
0,0,0,0,0,0
0,0,0,0,0,0
0.000238033122019677,0.000121533562853829,4.09443788573666e-05,1.79876846062308e-05,1.17315236792934e-05,6.50109845263385e-06
0.000295027711413516,0.000144359217144674,4.81863750633782e-05,2.53408740163152e-05,1.69257808929075e-05,1.3734619166942e-05
0.00018901807949032,0.000130610116168464,3.02677359007226e-05,1.13385218653698e-05,5.3587166568755e-06,2.88807880133153e-06
0,0,0,0,0,0
0,0,0,0,0,0
0,0,0,0,0,0
0,0,0,0,0,0
0,0,0,0,0,0
0,0,0,0,0,0
0,0,0,0,0,0
0,0,0,0,0,0
0,0,0,0,0,0
0,0,0,0,0,0
0,0,0,0,0,0
0.000442859043592163,0.00035266220478819,0.00012170543544462,1.7755739458132e-05,4.1359603877534e-06,1.72520231251969e-06
7.48730172465548e-07,0,0,0,0,0
0,0,0,0,0,0
0,0,0,0,0,0
7.78187449856408e-07,0,0,0,0,0
3.00043803854632e-06,0,0,0,0,0
7.45053794046122e-05,7.24657475661015e-05,2.145944101607e-05,0,0,0
2.71915600531645e-05,2.51997599458517e-05,0,0,0,0
6.62782228299256e-06,3.71495889639093e-06,0,0,0,0
0.000211991144221345,0.000207851507774563,0.000112579283916547,3.97806408167138e-05,1.91606307294039e-05,1.62688899348868e-05
0.000171674001972869,0.000169320368165584,8.50066966854027e-05,1.34469153451454e-05,7.04696318748585e-06,5.88273877019603e-06
7.45811011079049e-05,7.2259228506678e-05,2.18516870885628e-05,0,0,0
0.000178095562292025,0.000183205868395531,8.77103692456411e-05,3.04386587657693e-05,7.25106280249306e-06,6.05370068056927e-06
3.94609455264988e-05,3.78511616087109e-05,0,0,0,0
0.000452070043918545,0.000394539736924329,0.000156237881031168,6.8001957656806e-05,3.8670196813081e-05,2.51605984179663e-05
0,0,0,0,0,0
0,0,0,0,0,0
0,0,0,0,0,0
0,0,0,0,0,0
0,0,0,0,0,0
9.18503868743553e-05,3.54184818872802e-05,9.55191940266782e-06,5.98308701341875e-06,5.42755212900173e-06,4.91507799730253e-06
0.000129961366823317,7.04150727756753e-05,2.39380761286491e-05,1.04461210597062e-05,7.33324797067482e-06,6.73384928278447e-06
0.000104970586016487,6.01434523975446e-05,1.95641211435831e-05,9.89446189278693e-06,5.75217705540487e-06,4.59559878569927e-06
0,0,0,0,0,0
0,0,0,0,0,0
0,0,0,0,0,0
9.15370518391569e-06,0,0,0,0,0
2.32706006710611e-05,3.20035648814201e-06,2.5260897045544e-06,1.88098329713016e-06,1.65920690904764e-06,8.07573231709094e-07
0,0,0,0,0,0
0,0,0,0,0,0
0,0,0,0,0,0
0,0,0,0,0,0
4.28759364533999e-05,1.12896569702737e-05,7.57459551054467e-06,4.81557064882962e-06,4.39761838337921e-06,4.00770394871519e-06
7.42800130246357e-05,5.43692015429919e-05,6.17792428175563e-06,1.52225408279236e-05,1.49777712765933e-05,1.95949030117021e-06
0.000107354080575213,6.12238078291696e-05,1.32498899187186e-05,8.85374925413745e-06,4.53025771259588e-06,3.25945498409148e-06
7.96924845287387e-05,4.0310056870027e-05,2.43127144486804e-05,1.42240791281245e-05,1.34827075734274e-05,1.27797872041097e-05
0,0,0,0,0,0
0,0,0,0,0,0
0,0,0,0,0,0
0,0,0,0,0,0
0,0,0,0,0,0
0,0,0,0,0,0
0,0,0,0,0,0
6.66062100849006e-05,1.64087930461966e-05,6.70933586282379e-06,5.29084503970427e-06,3.30270057614424e-06,3.12801479356917e-06
0.000150671152049074,3.73858151232267e-05,1.73274908742149e-05,1.56213176442743e-05,1.15972416101418e-05,8.13100911953725e-06
0,0,0,0,0,0
0,0,0,0,0,0
0,0,0,0,0,0
0,0,0,0,0,0
0,0,0,0,0,0
0,0,0,0,0,0
0,0,0,0,0,0
0,0,0,0,0,0
0,0,0,0,0,0
0,0,0,0,0,0
0,0,0,0,0,0
0,0,0,0,0,0
0,0,0,0,0,0
0,0,0,0,0,0
3.00600287237509e-06,0,0,0,0,0
1.33707141086215e-05,1.37485525601771e-06,1.0799416387339e-06,7.80755118572636e-07,0,0
0,0,0,0,0,0
0,0,0,0,0,0
3.3386228757585e-05,1.57795437297189e-05,1.07171850837725e-05,7.06866434953393e-06,6.59470023854447e-06,6.1584996243793e-06
0,0,0,0,0,0
0,0,0,0,0,0
0,0,0,0,0,0
0,0,0,0,0,0
0,0,0,0,0,0
0,0,0,0,0,0
0,0,0,0,0,0
0,0,0,0,0,0
2.38043108289279e-05,5.85773836137959e-06,3.51040605106168e-06,2.44607876682401e-06,2.27540555131195e-06,2.1162870063997e-06
0,0,0,0,0,0
0,0,0,0,0,0
7.91159636933359e-07,0,0,0,0,0
0,0,0,0,0,0
0,0,0,0,0,0
0,0,0,0,0,0
0,0,0,0,0,0
0,0,0,0,0,0
6.1420671168972e-05,3.99718555519953e-05,2.29948602175312e-05,1.25555409462686e-05,1.16912807419477e-05,1.52032167126686e-06
0.000246152285996647,0.000187394637627854,9.80585449980871e-05,4.8844729957155e-05,4.87225564656271e-05,4.85666018908905e-05
0.000152718413240396,0.000121807356995663,6.83167500925251e-05,3.75668688489833e-05,3.69223131273114e-05,3.63142856837123e-05
3.40254914697537e-06,0,0,0,0,0
1.7562832728268e-05,1.76683535037156e-06,1.17634687163785e-06,7.29851991827136e-07,0,0
3.87866817103359e-05,3.29729455932653e-06,2.57765646383148e-06,2.03283340672514e-06,1.9249314500025e-06,1.8254421969257e-06
7.52307768525669e-05,1.07409961451136e-05,8.16356331692497e-06,5.55207355130427e-06,2.53241500745323e-06,2.49335334484013e-06
0,0,0,0,0,0
0,0,0,0,0,0
0,0,0,0,0,0
0,0,0,0,0,0
0,0,0,0,0,0
0,0,0,0,0,0
0,0,0,0,0,0
0,0,0,0,0,0
3.19774999537912e-05,6.27032834726223e-06,3.75470767809202e-06,2.5512302021261e-06,2.38367722502016e-06,2.22719609563923e-06
0,0,0,0,0,0
0,0,0,0,0,0
0,0,0,0,0,0
0,0,0,0,0,0
0,0,0,0,0,0
3.88604511943084e-05,2.34596978513299e-05,1.52278814110191e-05,9.66315769773042e-06,9.15593375651149e-06,8.68617009039611e-06
4.35891545652671e-05,1.26814669963408e-05,8.53047825021661e-06,5.59588937461936e-06,5.20640031712995e-06,4.84976532526814e-06
6.06883958692869e-05,3.55081084022936e-06,2.5041474324468e-06,1.73935720417494e-06,1.60971114800532e-06,1.48956726845856e-06
0,0,0,0,0,0
0,0,0,0,0,0
0,0,0,0,0,0
2.36939873204434e-06,0,0,0,0,0
0,0,0,0,0,0
0,0,0,0,0,0
0,0,0,0,0,0
0,0,0,0,0,0
0,0,0,0,0,0
0,0,0,0,0,0
8.97439756453602e-05,4.81611633046167e-06,2.60291735084003e-06,2.09022989760327e-06,1.99138047741925e-06,1.21348202917527e-06
0.000103753769408747,9.54604776310627e-06,7.00214601375592e-06,5.15798708776786e-06,2.57775358307597e-06,2.53512386427758e-06
8.73705694912972e-05,7.66438679548572e-05,2.19798573697213e-05,0,0,0
9.74672784208912e-07,0,0,0,0,0
4.40175402477868e-06,0,0,0,0,0
0,0,0,0,0,0
0,0,0,0,0,0
0,0,0,0,0,0
0,0,0,0,0,0
4.95301212515846e-05,4.15970906999817e-05,1.94740400213709e-06,0,0,0
0,0,0,0,0,0
0,0,0,0,0,0
0,0,0,0,0,0
0,0,0,0,0,0
0,0,0,0,0,0
0,0,0,0,0,0
0,0,0,0,0,0
0,0,0,0,0,0
0.000118516869901785,9.84654166811947e-05,2.44227281976718e-05,0,0,0
0.000153498467987263,0.000132905143087163,3.16339998202441e-05,0,0,0
0.000184857995867004,0.000163444531521514,6.34663137169555e-05,1.38105290524995e-05,6.70168432440706e-06,5.61562195011947e-06
0.000227508816943328,0.00020750662420041,8.25611040180935e-05,1.48303029353403e-05,7.21785359400273e-06,6.04562575324975e-06
0.000148219154531472,0.000134658279295051,3.26216660727815e-05,0,0,0
8.9401420412268e-06,1.0027429248187e-06,0,0,0,0
2.62162672768563e-05,9.26403727448489e-06,5.67404881035488e-06,3.30615900291693e-06,2.98926023194949e-06,2.69759819057424e-06
5.13401755607633e-05,3.32377121889174e-05,2.02727012004239e-05,1.18167484015402e-05,1.12429425050675e-05,1.06868129988238e-05
0,0,0,0,0,0
4.59673684002265e-05,2.89934438756792e-05,1.88142461370722e-05,1.17960678176717e-05,1.12086066579506e-05,1.06539168487888e-05
0,0,0,0,0,0
0,0,0,0,0,0
0,0,0,0,0,0
0,0,0,0,0,0
0,0,0,0,0,0
0,0,0,0,0,0
0,0,0,0,0,0
0,0,0,0,0,0
0,0,0,0,0,0
0,0,0,0,0,0
0,0,0,0,0,0
0,0,0,0,0,0
0,0,0,0,0,0
0,0,0,0,0,0
0,0,0,0,0,0
0,0,0,0,0,0
0,0,0,0,0,0
0,0,0,0,0,0
0,0,0,0,0,0
1.94970288202086e-05,4.51753610770664e-06,3.076108861625e-06,1.41759774755588e-06,1.31282294493774e-06,1.21595955333603e-06
1.04148096890327e-06,0,0,0,0,0
2.48251411129592e-06,0,0,0,0,0
0.000100634617320673,1.51613097194518e-05,1.12488922684213e-05,8.50101516205081e-06,4.03992384617548e-06,3.97360251370731e-06
9.88293691135719e-05,1.65980943980866e-05,1.19200246778023e-05,9.14942488462017e-06,3.79719415086583e-06,3.74216748965105e-06
0,0,0,0,0,0
0,0,0,0,0,0
0,0,0,0,0,0
5.87839295861532e-05,4.05342790101531e-06,2.21095260538162e-06,1.50189512061363e-06,1.38510390730438e-06,1.27723761559996e-06
6.12334635425804e-05,4.83847963895935e-06,3.71166257886194e-07,8.6991506778155e-07,1.09081032942906e-07,7.47689759697466e-08
7.75440440356232e-05,7.66475128114804e-06,9.36792045915861e-07,3.51157507939925e-07,1.71724799859099e-07,1.61771867594985e-07
0.000207817322061704,1.64619312382814e-05,1.14959158458871e-05,1.25264755825585e-05,1.09332949305631e-05,9.18234880894133e-06
7.96491380145363e-05,4.5619182892382e-05,2.90495816010379e-06,0,0,0
1.69050964428003e-06,0,0,0,0,0
5.06877206037674e-06,1.15885544690931e-06,7.92040512005232e-07,0,0,0
1.0437318256698e-05,3.81344676674856e-06,2.65463626446836e-06,1.77410025875179e-06,1.57632343604433e-06,7.6461294350452e-07
0,0,0,0,0,0
0,0,0,0,0,0
0,0,0,0,0,0
0,0,0,0,0,0
0,0,0,0,0,0
0,0,0,0,0,0
0,0,0,0,0,0
0,0,0,0,0,0
0,0,0,0,0,1.51544116805285e-06
0,0,0,0,0,0
0,0,0,0,0,0
0,0,0,0,0,0
0,0,0,0,0,5.5636004508083e-06
0,0,0,0,0,0
0,0,0,0,0,0
0,0,0,0,0,0
0,0,0,0,0,0
0,0,0,0,0,0
8.84390619978066e-07,0,0,0,0,0
4.27246375266279e-06,0,0,0,0,0
0.000101844811216882,1.333682234284e-05,2.10225795453532e-06,1.26743511012542e-06,1.22138632175374e-06,1.09764910154223e-06
0.000204579424608037,2.26028720989286e-05,2.85146869244999e-05,2.05665034986165e-05,2.00074728752026e-05,1.8214687283292e-05
0.000143155869331649,1.73310096536394e-05,1.31935461958313e-05,1.34576879907995e-05,1.06600132269972e-05,9.6659918746587e-06
0,0,0,0,0,0
0,0,0,0,0,0
0,0,0,0,0,0
0,0,0,0,0,0
0,0,0,0,0,0
1.25057239513745e-05,0,0,0,0,0
0,0,0,0,0,0
0,0,0,0,0,0
0,0,0,0,0,0
0,0,0,0,0,0
4.81444823595263e-05,0,0,0,0,0
0,0,0,0,0,0
0,0,0,0,0,0
0.000115630416340868,1.67241464787387e-05,2.02581203709245e-06,3.68954048749945e-07,4.42815173536231e-07,4.08641486852821e-07
3.09166439466741e-05,1.20175389983502e-06,0,0,0,0
5.69384985782278e-05,0,0,0,0,0
1.48577666918533e-05,1.23600564539417e-06,0,0,0,0
2.3853279717013e-05,8.24657722732108e-06,1.0607945496269e-06,0,0,0
4.42128632775048e-05,5.11658770093147e-06,1.66342998644058e-06,0,0,0
6.30395506239531e-05,1.22895376043914e-06,0,0,0,0
2.838080204721e-05,3.96819974789035e-06,1.26803982244642e-06,0,0,0
1.59829324312238e-05,2.91598447883076e-06,9.04158676179234e-07,0,0,0
0,0,0,0,0,0
7.19804273002857e-07,0,0,0,0,0
0,0,0,0,0,0
0,0,0,0,0,0
0,0,0,0,0,0
0,0,0,0,0,0
3.66073079605062e-06,0,0,0,0,0
5.67754574335571e-05,3.81448231886832e-06,1.78523019975173e-07,5.89963565702092e-09,1.90159868991407e-10,5.39184088812563e-12
0,0,0,2.99132403994492e-05,0.00116061064825141,0.000300095490258341
0,0,0,1.94879067606135e-05,1.67172797524009e-05,1.89930875780796e-05
0,0,0,0,0,1.76225313169843e-06
3.85040621759168e-05,0,0,0,0,0
9.89000893758832e-06,0,0,0,0,0
0,0,0,0,0,0
0,0,0,0,0,0
0,0,0,0,0,0
0,0,0,0,0,0
0,0,0,0.00050566245934569,0.000271583678450523,0.00280996164000715
8.82315314024374e-05,1.02479779164324e-05,1.53448186085432e-06,8.56943241593011e-07,7.88521935336827e-07,7.16542212366617e-07
0,0,0,0,0,0
0,0,0,0,0,0
0,0,0,0,0,0
0,0,0,0,0,0
2.57144265483484e-06,0,0,0,0,0
1.04779081138163e-05,0,0,0,0,0
3.41841539861085e-05,0,0,0,0,0
4.32687441926753e-05,2.25521125717752e-06,8.58109091045178e-08,2.45210902811557e-09,6.85871173079446e-11,1.69258589591593e-12
7.77827437312411e-05,7.64621242259927e-06,7.48377477163504e-07,1.27666452850832e-07,4.99489924897796e-09,1.90167698668989e-10
0,0,0,0,0,0
0,0,0,0,0,0
0,0,0,0,0,0
0,0,0,0,0,0
0,0,0,0,0,0
0,0,0,0,0,0
0,0,0,0,0,0
0.000299257113519579,0.000125699162131143,2.10039376854972e-05,1.87617840206324e-06,1.60688941997015e-07,1.31873568732977e-08
0,0,0,0,0,0
0,0,0,0,0,0
3.25299142753892e-05,3.0556606179084e-05,0.0496196095500915,0.192474927621431,0.251692543825616,0.325686920903146
0,0,0,0,0,0
0,0,0,0,0,0
2.87050763690051e-06,0,0,0.000505664690317711,0.000275380559954481,0.000310411722729638
0,0,0,0,0,0
1.39284850676987e-06,0,0,0,0,0
6.32057240160797e-06,0,0,0,0,0
2.01742733486729e-05,0,0,0,0,0
0.000120138252626131,1.05196451337497e-05,6.82816197275664e-06,3.33734777551027e-06,6.07106409311261e-06,5.44662032099237e-06
0.000132487315462674,1.33510794962992e-05,1.5118365959412e-05,1.03729013961629e-05,1.57605077646796e-05,1.39892574767068e-05
0.000195431244629073,2.07373867305991e-05,2.89349215203822e-05,2.18039941374226e-05,2.52386477412731e-05,2.30756021279647e-05
8.72087654862072e-05,4.45512823519304e-06,2.65655341572522e-06,1.24835843358286e-06,0,0
3.01099652166726e-06,0,0.0837222532335641,0.352704230044707,0.459377333129323,0.591604106475646
0,0,0,0,0,0
0,0,0,0,0,0
4.23047723385879e-05,7.86409953445883e-07,0,0,0,0
0.000256134388267618,9.09197030026434e-05,1.35961763540957e-05,1.12514436831698e-06,8.90194049309244e-08,6.73077315706487e-09
0,0,0,0,0,0
0,0,0,0,0,0
0,0,0,0,0,0
0,0,0,0,0,0
0,0,0,0,0,0
0,0,0,0,0,0
0,0,0,0,0,0
0,0,0,0,0,0
0,0,0,0,0,0
0,0,0,0,0,0
0,0,0,0,0,0
0,0,0,0,0,0
0,0,0,0,0,0
0,0,0,0,0,0
0,0,0,0,0,0
0,0,0,0,0,0
0,0,0,0,0,0
0,0,0,0,0,0
3.38053888804808e-05,0,0,0,0,2.25905541963952e-06
8.51694844669288e-05,1.15791747198204e-05,3.26500645648088e-06,0,0,0
0.000116654824937913,5.47114667465246e-06,1.34333712427284e-06,0,0,0
0,0,0,0,0,0
0,0,0,0,0,0
0,0,0.00607009896755441,0.00599061638858172,0.00540597886154983,0.0231149097050064
0,0,0,0,0,0
0,0,0,0,0,0
0.000291167427646755,0.000115952946461314,1.97298805839478e-05,1.74991342517305e-06,1.48213809464805e-07,1.19824284590036e-08
0,0,0,0,0,0
5.21788939947286e-05,0,0,0,0,0
1.07815376869001e-05,0,0,0.000282887872333024,0.00118833227532612,0.000339107788615649
3.69310928629678e-06,0,0.0469022600015925,0.196990871858622,0.257765960768308,0.333615143779225
0.000186849596419567,0.000184955413004496,0.160817132573031,0.524873657206578,0.682536792525797,0.974329010939294
1.2012565679956e-06,0,0,0.000282883966930552,0.00119080834058564,0.000315670727942637
5.32224743191236e-05,6.98166857485594e-06,4.77138754932518e-06,2.48177469774029e-06,7.05987249385721e-07,0
9.6039598177225e-05,1.39544442227746e-05,1.07542351900791e-05,5.51522474851267e-06,7.38790958860106e-06,6.71037842801558e-06
0,0,0,0,0,0
0,0,0,0,0,0
2.20549687345039e-05,2.06914497364117e-06,8.94629940110645e-07,7.04199728136382e-07,0,0
9.76987572342286e-06,0,0,0,0,0
0,0,0,0,0,0
0,0,0,0,0,0
0,0,0,0,0,0
1.04965467728727e-06,0,0,0,0,0
3.05389746310775e-06,0,0,0,0,0
8.14626903910789e-05,4.04483629062045e-06,7.42055682436922e-07,0,0,0
0.000257399028600341,9.12796758464894e-05,1.41897585251338e-05,1.18670017175102e-06,9.49139054909863e-08,7.25739808435741e-09
4.44976756344443e-05,4.31707654979059e-06,2.34107179646199e-06,1.53194228538653e-06,2.03828829868463e-06,1.84765767511424e-06
0.000252150330823509,8.81432048570138e-05,1.26547557789634e-05,1.02737217525372e-06,7.97898651577866e-08,5.9246715218065e-09
0,0,0,0,0,0
0,0,0,0,0,0
7.47820577555734e-06,0,0,0,0,6.47805755966716e-06
4.36104851416371e-05,8.62779157799412e-06,6.54418626867965e-06,2.73249251253469e-06,8.46421895292239e-07,8.4162447253514e-07
4.54802428792464e-06,0,0,0,0,0
1.79248723829888e-05,3.67157744001243e-06,2.24626163465713e-06,9.28224749517298e-07,0,0
1.12611830180678e-06,0,0,0,0,0
0,0,0,0,0,0
0,0,0,0,0,0
0,0,0.00905280891484707,0.0470264408660583,0.0790414191085508,0.101528331048282
0,0,0.00839619614532203,0.0393187792594086,0.035901151789704,0.0294909850720627
0,0,0,0,0,0
0,0,0,0,0,0
0,0,0,0,0,0
8.89058993958335e-07,0,0,0,0,0
0.000246905156508485,8.52572742993582e-05,1.30632086230249e-05,1.0780863977946e-06,8.53005110960596e-08,6.46727786223653e-09
0,0,0,0,0,0
0,0,0,0.00110414772589319,0.000537584676862726,0.000520891874635318
0,0,0,0,0,0
0,0,0,0,0,0
0,0,0,0,0,0
0,0,0,0,0,0
0,0,0,0,0,0
0.000205444349735371,0.000213255539394648,0.000255576986924469,8.79022533189456e-05,5.41810998379991e-05,2.64451156720865e-05
8.20034332107242e-05,2.91977696326594e-05,1.70251889428415e-05,4.48407683749647e-06,1.66243028799396e-05,3.63728293206521e-06
2.32849443278128e-05,9.34357423489838e-06,5.22955810305254e-06,0,0,0
1.84915064868502e-06,0,0,0,0,4.67738058307609e-06
8.58186202720217e-05,1.77142540403761e-05,1.32879695683031e-05,6.20156761318549e-06,6.22565339927593e-06,5.73206670602362e-06
4.21187051004468e-05,5.07795425570819e-06,2.78131472780963e-06,1.49850842339641e-06,1.55286967346636e-06,1.43570396940217e-06
7.54800871147115e-05,7.2745763589312e-06,1.74962248685996e-06,8.35546756504697e-07,7.94197138713689e-07,7.55229082904914e-07
4.39976832360022e-05,0,0,0,0,0
0,0,0,0,0,0
0,0,0,0,0,0
0,0,0,0,0,0
0,0,0,0,0,0
8.75388778724006e-05,7.69508804390396e-06,2.35947700406748e-06,1.12899487149118e-06,1.0756875928307e-06,1.02535216311988e-06
0,0,0,0,0,0
0,0,0,0,0,0
0,0,0,0,0,0
0,0,0,0,0,0
0,0,0,0,0,0
4.16583317297652e-06,0,0,0,0,0
0,0,0,0,0,0
0,0,0,0,0,0
0,0,0,0,0,0
0,0,0,0,0,0
1.3934813888314e-05,3.31279067664635e-06,1.84359783163157e-06,0,0,0
3.64850717518473e-05,9.82792765032297e-06,6.53332083863563e-06,2.33294845002795e-06,8.13635175814214e-07,8.02028820413713e-07
7.62989267587055e-05,1.98983305356419e-05,1.45806345257512e-05,7.23487618035798e-06,4.02881683225636e-06,3.93989480835037e-06
0,0,0,0,0,0
0,0,0,0,0,0
0,0,0,0,0,0
0,0,0,0,0,0
0,0,0,0,0,0
0,0,0,0,0,0
0,0,0,0,0,0
0,0,0,0,0,0
0,0,0,0,0,0
0,0,0,0,0,0
0.00014998682516225,0.000110141671374089,7.83496322619497e-05,5.61416921942095e-05,4.51379744638599e-05,3.52510848867205e-05
0.000407283824066487,0.000217345240820621,0.000148734782991427,0.000173545198735413,0.000214735892029626,0.000241665432788323
0.114718635489094,0.133295634563357,0.159276379103214,0.137189579927864,0.113579823026467,0.0948807526062693
0.182718378728092,0.227015824476236,0.306421669674155,0.400086811910882,0.471551077334392,0.523146359035956
0.00654156601948288,0.00368958312055921,0.0200002293616262,0.0022246562453319,0.0013614256160894,0.00127494684435115
0.0921396900650746,0.0860235385864412,0.0545675509601823,0.0376416995514132,0.0362634831176764,0.0353321643708794
0.00999574219424511,0.00554400912605846,0.00317440290746874,0.00175723262996842,0.00149128228884593,0.0014099915323182
0.000152309168299972,0.000110453242386417,7.69632065550061e-05,5.43288938193496e-05,4.57569818323884e-05,3.60656268852816e-05
0.000232575229824373,7.93032315334775e-05,2.5937305928291e-05,9.93354289199028e-06,3.8383707117477e-05,2.66523577061328e-05
0.000983556404506405,0.000411148827456247,0.000199942847172753,0.000188294902604098,0.000220519678948887,0.000245001839537998
0.0241116899912427,0.0216229355102322,0.0141099717439488,0.0015591776649094,0.000900998881843457,0.000832867383163821
0.0369096840757428,0.0328256036781375,0.0204994419833197,0.0138396834049164,0.00174144211397246,0.00123699652315696
0.0844254380968359,0.0849756599738379,0.0427502481261191,0.0125556122971114,0.00699657032902516,0.00587087442819505
0.00435155053600401,0.00201960805806561,0.000734765392355948,0.000233304138038768,0.00013772899450553,1.97655757874633e-05
0.0244051089543235,0.0251364805634995,0.0124474250452418,0.00398498062584884,0.00233117783049829,0.00193002185290346
0.00789518452938441,0.00414839415294911,0.00130929228831589,0.000357229278001098,0.000199968656236206,0.000169642681914233
0,0,0,0,2.04729944891184e-06,0
0.0191719038888298,0.0154388122327001,0.00901643765100895,0.00561257756428657,0.00477724774311883,0.000612968376930633
0.0019050294536263,0.00170813968266336,0.00117529040040909,0.00488034790496353,0.00119047989373032,0.000642122469412324
0.000298129861601616,0.000235315324351834,0.000233229776928871,7.13956931429587e-05,6.31346073055362e-05,3.46640642556973e-05
0.000209580860941841,6.49160589583782e-05,1.16834822720538e-05,1.66878903830311e-06,9.0485962392634e-07,8.10693013304361e-07
0.00015296299903141,3.44251540434805e-05,7.73104720916226e-06,3.25584249767818e-06,3.09513265741686e-06,2.94366225285912e-06
0.000187631840830691,7.40038686705367e-05,6.19644348651635e-05,4.53837380857725e-05,4.63051047580639e-05,4.35584198908779e-05
0.000179074593791549,6.62615091683394e-05,2.6525128604522e-05,3.58936595937336e-06,3.03446693825913e-06,2.86814328524281e-06
0.00021724806244627,7.71467148037839e-05,6.17570748127446e-05,4.7194712063249e-05,5.14676505183914e-05,4.7780655847307e-05
0.00020533907083277,5.84689259326051e-05,5.40764776698328e-05,2.02515770440105e-05,4.45748374669258e-06,3.72433329704685e-06
0.00793954477517806,0.00776700764887992,0.00344986202904224,0.000687657063206552,0.000149286341796986,6.29543949889572e-05
0.00959953899880314,0.00607200818191538,0.00206338866369541,0.000430562553648776,0.000163811505668689,0.000122678029230612
0.0068980005438689,0.00801669309843515,0.00497421406272214,0.00102381344926143,0.000217764666250116,0.000116263773308097
0.00842691159933073,0.0108582777250883,0.00929650678884823,0.00185165185177978,0.00038777682707858,0.000113184105237017
0.104215238116524,0.100437463111458,0.0494783577219374,0.0166805275094135,0.0109240148766918,0.00972327602548355
0.0039799417238001,0.00171158476932333,0.000560386102260704,0.000188165800501625,0.000124661365204731,1.34595705203478e-05
0.00249215807881155,0.0012376701052775,0.000350998197871862,5.32861681954984e-05,1.12626730956447e-05,4.33119454936236e-06
0.00489007049345383,0.00229842840715904,0.00069510494271854,0.000218215465254706,0.00013563226129969,0.000119515768051653
0.00324933244962411,0.00205600880380274,0.000640848191941765,9.62529743384527e-05,1.47127581898662e-05,5.49614465432042e-06
0.0162411331377147,0.0146799036009183,0.00884944779673502,0.00478135148617899,0.00411210964215839,0.00381408767555544
0.0117308150432448,0.0112790463629604,0.00437939420238418,0.000857297139991742,0.000192336639781875,5.13008746069335e-05
0.0132981233895839,0.0135138226492245,0.00700377149423294,0.00131978228145467,0.000274544265021767,6.08975398786604e-05
0.021487544773762,0.018839940325174,0.0119376663678664,0.00832062632281028,0.00740703870852755,0.00700595518993868
0.000104832028364512,0.000158147613621005,0.000208843791761333,7.34454064386734e-05,3.12747754312326e-05,2.00887843731429e-05
0.00275347844573874,0.00288064487031489,0.00133338806590668,0.000283156925981011,8.3839390335574e-05,6.38185465491593e-05
0.00399561360025546,0.00428969946124292,0.0021040154345309,0.000489024157988018,7.73701035956944e-05,4.23423774563696e-05
0.000662131535311802,0.000585646514247493,0.000227767095153689,8.12389449818004e-05,5.6495304797062e-05,5.37466843198462e-05
0.000803240894301265,0.00043349168954914,0.000114920580853076,2.15418237324398e-05,5.78190236375293e-06,1.95644091802239e-06
0.00033222888197632,0.000140883837100131,2.90032998840183e-05,4.25587518450903e-06,9.50601311263221e-06,8.73618111250631e-06
3.61597179424562e-05,4.77751486900241e-06,2.9489333675537e-06,1.44589055927178e-06,1.29605446840414e-06,1.21485278045945e-06
0.00709928781313728,0.00519786152934431,0.0034603613279563,0.00042835690783324,0.000209974414299186,0.000192613558006875
0.00297612968911152,0.00146948864734145,0.000903997679218209,0.000623029537787511,0.00484494834500874,0.00481649340412399
0.00319530373351504,0.00154056077996629,0.000685131263535237,0.000302205869260788,0.000220353642545178,0.000194254369303856
0,0,0,0,0,0
0,0,0,0,0,0
0,0,0,0,0,0
0,0,0,0,0,0
0,0,0,0,0,0
0.0122497054925561,0.0102799632924698,0.00626608934666679,0.00398651811135248,0.000463055567399723,0.000322041040033165
0.00892596917008081,0.00694085093255497,0.000911317540748881,9.42214070779322e-05,0.000116583744736247,6.80030731318069e-05
0.00155038724403242,0.000937500057665134,0.000432251273996711,0.000156472443726406,3.68654628626908e-05,3.22322828419142e-05
0.00399706835553608,0.00303106377800816,0.000897101857202781,0.000370722267551778,9.29649992015415e-05,7.43096179142339e-05
0.000935765055948042,0.000386298527422207,0.000224574980672304,0.000167960140399665,0.000135233969271071,0.000126927351650648
0,0,0,0,0,0
0,0,0,0,0,0
0,0,0,0,0,0
0,0,0,0,0,0
0,0,0,0,0,0
0,0,0,0,0,0
0,0,0,0,0,0
0,0,0,0,0,0
0.0148419682881729,0.0129745671939711,0.00573750573714231,0.00101277944676917,0.000219451842782025,5.80820075400359e-05
3.17867616392033e-05,9.13473227657101e-06,6.08952699326501e-06,2.86267374528973e-06,1.63666448664419e-06,1.58820330654489e-06
0,0,0,0,0,0
0,0,0,0,0,0
0,0,0,0,0,0
0,0,0,0,0,0
0,0,0,0,0,0
0.0103196167097757,0.00936027639375322,0.00334332876319289,0.000678130357462441,0.000157149667536149,4.29121950449624e-05
1.57092134309198,1.52234468221783,1.26718819037046,1.07155942053655,1.03995051915274,1.03236257857449
0.0275520410658373,0.0366807980101173,0.0418193890603647,0.0192904617880563,0.0132603732082806,0.0120890589836231
0.00498748452461023,0.00245365927590645,0.000897161506562063,0.000303995434236108,0.000191928401051926,0.00156263973054041
6.39052687282004e-05,1.78172688891102e-05,1.33085722942301e-05,6.96829619756275e-06,4.65464382363505e-06,4.52868626919068e-06
0.000189768367680302,6.38068523623762e-05,1.50968480829528e-05,3.01296143481531e-06,1.08785944345407e-06,9.19708168437918e-07
0.000170111254636869,4.10337945881386e-05,5.43181794168218e-06,2.46637463787824e-06,3.56085997758826e-07,2.14891747407056e-07
0.00174915905219008,0.000848671179741142,0.000492676162580344,0.000308146893586795,0.00024253048287532,0.000231596297845924
0.00055534767634974,0.000266587249304655,0.000134110909491006,7.20962021144966e-05,2.12828014208452e-05,2.06753797038168e-06
0.0117642677095509,0.0102103250623583,0.00121976611955978,0.000489559849538329,0.000371476417241509,0.000347825171759063
0.00565199487359787,0.00302054027653469,0.000933975241597843,0.000142828887546915,2.33101507228549e-05,5.95598657776276e-05
0.00190822613808302,0.00105535059069765,0.000303638875892791,4.16467741597786e-05,8.4762039524239e-06,3.14494721712138e-06
0.000121113222559345,3.44992991145323e-05,2.77687030116442e-05,1.58752507920066e-05,1.55293068064889e-05,1.48833192205309e-05
5.15553360266674e-05,7.90665860640201e-06,4.66925923758616e-06,2.75820736095594e-05,2.86760955099287e-05,2.70328588399411e-05
0.000333187753747562,0.000133353639371487,7.03397454217379e-05,4.96548395437989e-05,3.88983571384938e-05,3.01954748665104e-05
0.00672536594468558,0.00334325686052021,0.000975137332342694,0.000248908403842436,0.000136049169397186,0.000116488039568568
0.0126685678739529,0.0110677219887369,0.00694424989030534,0.000693335399616335,0.000395651735443405,0.000357183928052954
0.00980372920484395,0.00836955532358771,0.00522333928855164,0.00352801556290988,0.00289242401160043,0.00264158959586857
3.34191638493214e-06,7.53826649640185e-07,0,0,0,0
1.07322043363282e-05,2.21126063008654e-06,8.67415608907012e-07,0,0,0
0,0,0,0,0,0
0,0,0,0,0,0
0,0,0,0,0,0
7.75472244863725e-05,4.3403990923555e-06,1.97136508361925e-06,0,0,0
0.000218623538240256,7.72044966273164e-05,5.76921442085435e-05,4.49214028102363e-05,4.34447855124182e-05,3.92565377133259e-05
1.64794993667743e-05,0,0,0,0,0
0.00179335896167561,0.00074292309170017,0.000299220086675349,5.41141036488088e-05,0.000189488408314192,0.000110936606180519
0.00186634949104832,0.00123664803303541,0.000599640912823269,4.10232226935883e-05,3.84696481612656e-06,2.53126853151309e-06
0,0,0,0,0,0
0,0,0,0,0,0
0,0,0,0,0,0
0,0,0,0,0,0
0.00363679164116663,0.00289220114319459,0.000899264260795438,0.000352584066519202,8.01350563926513e-05,4.24488855586265e-05
0.00104226687190892,0.00064277886374898,0.000308130442616899,2.98369927457076e-05,2.50313903640079e-06,7.96955160407926e-07
3.59905557119475e-05,6.09089290794045e-06,3.93791931645043e-06,2.97193096554109e-06,2.60751546580288e-06,2.28266529000988e-06
5.00382092995909e-05,1.14418459650034e-05,6.093138378829e-06,3.74527562343721e-06,2.69988814518549e-06,2.01773763574152e-06
0.00133267510789041,0.000676354274508645,0.000383544298450958,0.00024190909225423,0.000194011083967191,0.000173590662911773
0.00589198915976027,0.00431785852020909,0.000537713890388422,5.39080444326302e-05,0.000120006905985274,6.90587335674946e-05
0.00421193269969228,0.00296759373190172,0.000403521545139293,3.84958373832441e-05,9.56112582048397e-06,4.96553404662114e-06
8.66594009350362e-05,2.39363656675367e-05,1.88107998011818e-05,1.15081873234222e-05,9.39209155911508e-06,9.21172409231208e-06
4.41079732542566e-05,3.44116970920933e-05,2.81084506131732e-05,1.90579510050768e-05,1.65853203107112e-05,2.03134691629166e-06
0.00441003634306062,0.00369176158814988,0.0021954408241534,0.000467040864868301,0.000117641711649564,6.40414487890411e-05
0.00509770020006759,0.00268039577730763,0.000675382621450056,9.78202627065152e-05,1.73183105946075e-05,4.79172530324087e-05
0.00214041271410065,0.00113098111014827,0.000334904138668738,5.30519426679322e-05,1.14258939635074e-05,3.4000051606147e-06
0.00097952413694515,0.000470133080890823,0.000102661969359006,1.41440217427337e-05,1.73944882997945e-06,1.09701463030879e-07
0,0,0,0,0,0
0,0,0,0,0,0
0,0,0,0,0,0
0,0,0,0,0,0
0.00816007844285209,0.014954117944557,0.0156607567318132,0.00947258414831591,0.00820667032841878,0.00793245236091775
1.07985748600987e-06,0,0,0,0,0
9.27290733597376e-06,2.48256113181719e-06,7.24564088484803e-07,0,0,0
0,0,0,0,0,0
0,0,0,0,0,0
0.000220199398067752,8.47875781117355e-05,2.3519711265553e-05,3.73953520006836e-06,8.66892062188019e-07,4.6112662062613e-07
3.10425763295172e-05,8.79380504190798e-06,6.86747303844527e-06,3.81234925483305e-06,2.70020780792704e-06,1.92964391281788e-06
0.00562102211866322,0.00473253830183749,0.00288275769472336,0.00178042701649901,0.0013147857844991,0.000153045659631214
0.00518562197489075,0.00421328254117715,0.00257997814741508,0.00164586911636624,7.04007089061283e-05,0.000140444394733029
0.000184096388952541,0.000300376302237989,0.000283708560181217,9.21258461373766e-05,3.84008517183302e-05,2.96504946419467e-05
0.000195236995491202,0.000156078674883961,0.000210803877828331,6.94614421599359e-05,3.84192149833735e-05,3.05903490750604e-05
4.69812285218296e-05,3.52431789245077e-05,4.68309419176478e-05,0,0,0
0,0,0,0,0,0
3.30220210110343e-05,5.0291284588465e-06,3.29374010665257e-06,2.34356416971758e-05,2.71145806691006e-06,2.07393325330571e-06
0.000355513144990916,0.000127108897735895,2.40196717211318e-05,2.08496420293544e-06,1.33456497768415e-07,8.13806923746916e-09
0.000176769835195177,4.63240085609703e-05,7.87896092162139e-06,4.77746643399277e-07,2.76361967561442e-08,1.52712652077345e-09
5.64382927593504e-05,1.62526963335529e-05,1.3155098526885e-05,7.84716499074925e-06,5.31310626813542e-06,5.18047870498722e-06
0.00211233021520468,0.000956547175974133,0.00374419531952412,0.00257505939823035,0.00210266378746286,0.000312285589536335
0.000136088204562219,2.82504449264053e-05,4.55463750012347e-06,3.66596982392388e-06,3.32248602397082e-07,1.45107731187827e-07
0,0,0,0,0,0
0,0,0,0,0,0
0,0,0,0,0,0
8.56798636320979e-05,7.12148601355708e-06,1.26224255018301e-06,0,0,0
3.97051663935959e-05,1.73587608901292e-06,9.50971831519445e-07,0,0,0
0.0157924435505341,0.0141982148037774,0.00627037094705139,0.00108909187875883,0.000239116629566578,6.30302777897173e-05
0.00132020393984918,0.000528985247190041,0.000123876101621995,0.000207545902965182,9.96456068849756e-05,5.90019595169719e-05
0.000959542618705232,0.000420554856210988,0.000100399577628327,1.81067329271735e-05,7.36219617524625e-06,4.19480610777404e-06
0.000314334737338274,0.000232719262491306,0.000130003017958219,5.60608728714753e-05,4.1173818265369e-05,2.94485669747145e-05
1.6430555896882e-05,1.81335473580417e-06,9.67883522894819e-07,0,0,0
0.00141873228990275,0.000756639496734126,0.00020357997169964,2.67717299138244e-05,6.91457891563055e-06,3.34475151772674e-06
0,0,0,0,0,0
0,0,0,0,0,0
0,0,0,0,0,0
0,0,0,0,0,0
0.000111323401125469,3.53413762428588e-05,0.000117281298861787,5.89037286306383e-05,2.49256768361863e-05,1.51332829110516e-05
0.000369300476101405,0.000139593590244839,5.6581204494632e-05,2.11522683318098e-05,5.64965779154064e-06,3.69957759036421e-06
0.00180290612610339,0.000740997672956138,0.00027852460198901,5.48510206720072e-05,0.000184054991920509,0.000114248009679224
0,0,0,0,0,0
0,0,0,0,0,0
0,0,0,0,0,0
0.00014503165702196,5.88018109508645e-05,2.81156890863127e-05,1.80242210889876e-05,1.39195048627612e-05,1.05731347461641e-05
0.00133537204180936,0.000774481431135723,0.00023169142102026,3.37819542253959e-05,7.55660117257126e-06,1.81575680289991e-06
4.59257175041112e-05,1.24437980139182e-05,9.85621029013801e-06,5.53613440471553e-06,4.64529633051872e-06,4.54987469202293e-06
0.00121173744398547,0.000565589848201563,0.000888694728219692,0.000437720493339653,0.000121013348534946,8.1525874059221e-05
8.75520493808822e-05,2.72094029727114e-05,1.78465011059699e-05,1.23596372126299e-05,1.21533676550246e-05,1.04249559322687e-05
0.00179253199672049,0.0011628393366314,0.000487850866878946,3.47333729185697e-05,3.64717213790063e-06,1.62164302113232e-06
0,0,0,0,0,0
0.000415521875894374,0.000190326069664174,6.60961252788002e-05,3.10971523621795e-05,1.37429619452415e-05,9.19229528696979e-06
0.000879351207684756,0.000390518867687546,0.000104215650602286,3.6558352342285e-05,8.34705325185213e-05,5.1241333922831e-05
0.00113109281315227,0.000500790245991629,0.000128125450150189,0.000449603668900319,0.000147604904224854,8.74394804348762e-05
0,0,0,0,0,0
0,0,0,0,0,0
0,0,0,0,0,0
0,0,0,0,0,0
0,0,0,0,0,0
0,0,0,0,0,0
0,0,0,0,0,0
0,0,0,0,0,0
6.83120316508676e-05,1.81970628492566e-05,1.3775107795974e-05,9.2684548778773e-06,8.28773908825166e-06,8.14018420162669e-06
7.38052388026439e-05,2.07439396442627e-05,1.58706560661994e-05,1.04543652867679e-05,1.0188642993306e-05,9.22740865372334e-06
0.000209036404904308,7.17935214670019e-05,1.1723111276386e-05,7.46243763254299e-07,4.51705206080087e-08,2.60465659421072e-09
0.000173031711166806,4.42226497559369e-05,6.24795997028415e-06,3.70300637394249e-07,2.09444207395277e-08,1.13232366671301e-09
0.000178778634961461,4.60174557602734e-05,7.89743023574092e-06,6.81878451064741e-07,5.6767275200423e-08,4.55850685030803e-09
7.43606169749878e-05,6.59603791765056e-06,5.18467505425052e-06,0,0,0
1.97189840965836e-05,2.30111032149684e-06,1.18912753745507e-06,0,0,0
3.02271566686717e-06,0,0,0,0,0
0.000251690528280646,0.000121127198962575,5.37436160474171e-05,2.66333670287521e-06,1.28770717278843e-07,6.07659385694978e-09
0.000641111855968725,0.000352298629423677,8.16664504957721e-05,9.96860831544691e-06,6.5517111784456e-06,4.63938539090074e-07
3.49274533218011e-05,1.02098023157974e-05,7.27648694036146e-06,4.20973660577957e-06,3.32122697241424e-06,3.23273405773988e-06
0.00177595052641102,0.00451452016070984,0.00284843394594507,0.000707482143367208,0.000213197067139227,0.000138310545660412
0.00120388024626859,0.000498325127105523,0.000136850630200175,4.169260013718e-05,1.42811876295303e-05,7.884052616839e-06
0.00220663021629748,0.0014005893156322,0.00072956115967707,5.91957197981695e-05,1.388583709382e-05,7.29050602459516e-06
1.94385307433129e-05,6.1953717734564e-06,4.77365146327243e-06,8.45034519733389e-07,8.17730172177427e-07,7.91852206410832e-07
0.00058159476498643,0.000257257573260723,5.87405272664413e-05,1.4041143778509e-05,3.73727126692999e-06,2.33993229739114e-06
0.00265391014267508,0.00136504597862479,0.000333834619253864,4.79955429362953e-05,9.53398216038778e-05,5.69640210266348e-05
5.83870341460127e-06,1.3166247570668e-06,7.086757252767e-07,0,0,0
5.1838949931923e-06,1.41131315988095e-06,7.62575326501596e-07,0,0,0
0,0,0,0,0,0
0,0,0,0,0,0
0,0,0,0,0,0
0.00131234389131889,0.000791875223795918,0.000290904842740435,3.04474641035209e-05,1.73678802879394e-05,1.08335939714687e-05
0.000260679326325248,0.000152560351127408,0.000192595354936345,0.000109210685184071,5.70972229572483e-05,4.04136439411154e-05
9.20321735538981e-06,1.51484971580304e-06,0,0,0,0
0,0,0,0,0,0
0,0,0,0,0,0
0.001939216633646,0.00187354425105112,0.000774183851870477,0.00016775358251863,9.93444106916108e-05,8.09331669653059e-05
0.00252602726895516,0.00117953833259622,0.000298927856687625,0.00047629017090061,0.000146559568350576,8.09711922612674e-05
0,0,0,0,0,0
0,0,0,0,0,0
0,0,0,0,0,0
0,0,0,0,0,0
0,0,0,0,0,0
0,0,0,0,0,0
0,0,0,0,0,0
0,0,0,0,0,0
0,0,0,0,0,0
0,0,0,0,0,0
2.35765011290285e-05,6.66015918560835e-06,4.54837258413597e-06,2.09150037711345e-06,2.04167622230869e-06,1.99421486443501e-06
3.23082312161216e-05,8.85847530110485e-06,7.0165671224859e-06,4.74609439618918e-06,4.64883734349896e-06,4.55642943722229e-06
2.68702608197057e-06,0,0,0,0,0
0.000965199314823851,0.000441730215741855,0.000554130529075067,0.00020931995549889,7.2270321013771e-05,5.85086285820463e-05
7.61503419100793e-06,1.65323992902242e-06,0,0,0,0
0.00121896388307079,0.000740760137956372,0.000583146809063763,7.37461687089935e-05,1.10688348696546e-05,4.04448924789233e-06
0.0046805636026389,0.00240426439938845,0.00382484645895934,0.00217210262267372,0.001568165450612,0.00141110587154711
7.61705747464272e-05,2.98271550042105e-05,9.85421134732652e-06,6.71579848065776e-06,5.7369073004131e-06,4.29576427769199e-06
0.000247338330577215,0.000128448184613662,3.03859016980026e-05,1.55161544164223e-05,6.19303328596159e-06,4.16616056550914e-06
0.000572986959813406,0.000317529266860747,6.71331353050353e-05,1.08636632737736e-05,2.22300038379206e-06,1.18410032689813e-06
0.00243802538721655,0.00166705028397159,0.000734099151213337,6.57643383192577e-05,8.43937447597463e-05,5.08814096273439e-05
1.51981252058887e-05,4.24913912043359e-06,1.77087783821246e-06,0,0,0
3.89727095880872e-06,1.17068876960865e-06,0,0,0,0
0,0,7.5410279445144e-07,0,0,0
4.19752097703197e-05,1.23032925639901e-05,9.23343308764244e-06,5.67955551974857e-06,5.52695051034366e-06,5.38153814354498e-06
0.0026860651462866,0.00194690870358501,0.000902885832270525,8.10313948119294e-05,1.15913013707753e-05,5.00911220374934e-06
0.00748167080244438,0.00671661443827759,0.00236606730649168,0.000572981005633911,0.00010847334053131,6.50001712781916e-05
3.93987096060571e-05,1.27541006066198e-05,7.60796806180141e-06,5.09975551971102e-06,4.94699640408787e-06,4.08019701142176e-06
0.00469100647989877,0.00443092757767001,0.00116638038479173,0.000153459780240422,2.0371454139503e-05,6.25123622657584e-06
0.000176667283847545,5.24366652159485e-05,1.35754455750723e-05,2.484591897485e-06,4.7458303126385e-07,2.88241742268893e-07
0.000138501905967418,3.42218134865799e-05,3.90840797272312e-06,0,0,0
0.000208206097106595,0.000147011822113426,1.07707677753885e-05,0,0,0
0.00024937436408772,0.000180617266000114,0.000269505151724261,0.00013489319795873,6.52933841317009e-05,4.01398037712724e-05
0.000544606405898193,0.000336012679073244,8.47521852852827e-05,1.10071605994415e-05,2.74452552901177e-06,6.78290971945714e-07
0.00587153754512536,0.00852278331584147,0.00740977291304105,0.00167229279545888,0.00152593894204729,0.00179482622622429
0,0,0,0,0,0
0,0,0,0,0,0
0.00149444444202825,0.000578780180955655,0.000277471950375791,0.000110078646285615,1.71841321960428e-05,1.36216043191222e-05
0.000333322953814171,0.000128580992396407,3.947451873377e-05,1.0160818403432e-05,2.11388513732721e-06,1.21031410624857e-06
0.000245286033618838,8.40286887822562e-05,1.26096205587261e-05,9.27820195865452e-07,6.48159657771391e-08,4.30461598285557e-09
0,0,0,0,0,0
0,0,0,0,0,0
0,0,0,0,0,0
0,0,0,0,0,0
0.00118498256246214,0.000775870680363708,0.000255044426809978,3.41881584122812e-05,6.4681622486809e-06,1.3826922174288e-06
0,0,0,0,0,0
0.000467910182024544,0.00032099219836802,0.000121164862184708,6.58447208231255e-05,2.25644894889354e-05,6.16771004526171e-06
6.15561275388249e-06,7.32929002712711e-07,0,0,0,0
1.27900374291369e-05,3.91676593500678e-06,8.48093365880407e-07,0,0,0
0,0,0,0,0,0
0,0,0,0,0,0
0,0,0,0,0,0
0,0,0,0,0,0
0,0,0,0,0,0
0,0,0,0,0,0
1.79171775400621e-05,5.37924279017865e-06,2.13576027116366e-06,1.60733225943894e-06,1.56168586588548e-06,1.51815595581832e-06
2.65912603404231e-05,7.57214811958046e-06,3.64969992187498e-06,2.73347689674641e-06,2.65402398249801e-06,2.57826062200773e-06
4.44721650715754e-05,1.36536070463777e-05,7.7469966002578e-06,2.13810451687114e-06,2.11374678712617e-06,2.09093091227903e-06
0,0,0,0,0,0
0.00547156913853735,0.00472785661291974,0.00190573391456362,0.000442272519305363,0.000125235313390418,8.79872474238399e-05
0.000560445689675335,0.000494859734139158,0.000185749979547063,3.07918026157111e-05,4.51380052247689e-05,7.36272592632332e-06
0.0015806867039001,0.00100327402350834,0.0003228922273281,0.000207400973958489,6.5713967177042e-05,3.21672089543532e-05
0.000677696430068988,0.000315821274542951,9.70750544960309e-05,0.000188382283484633,5.51896825383161e-05,2.22303268382284e-05
0.00108951119428547,0.000579308003791179,0.000168176502678668,2.95737938371004e-05,7.19668494185004e-06,2.89565753518441e-05
0,0,7.24471002329472e-07,0,1.05743883930185e-05,9.87098281826794e-06
0.00923198243410213,0.0111445559890918,0.00994743828919482,0.00231633329581055,0.000527774620539052,9.47442884124744e-05
4.12101755599316e-06,0,0,0,0,0
0.000628871818456396,0.000282187421232331,8.88743157141341e-05,2.74501673617189e-05,6.23463959306455e-06,3.34525088243453e-06
0.000124860478947431,0.000115119666123143,5.63749267724662e-06,0,0,0
3.86407196345703e-05,6.89644161097008e-06,1.33927587574754e-06,0,0,0
0.0145568653006852,0.0139860483472944,0.00636213635960841,0.00123000103011592,0.000317319367965025,0.000110841364355432
0,0,0,0,0,0
0,0,0,0,0,0
6.02346200258079e-05,7.16582110031075e-05,6.70129930122204e-05,1.63515766268996e-05,3.47904398190269e-06,0
0.00145331695019568,0.00125606427882365,0.000167632202142152,1.8418771711995e-05,3.01285450593994e-06,8.33897265669792e-07
0.00029099599729966,0.000113651665736279,3.59786771631307e-05,7.26386440926235e-06,1.43193589713317e-06,3.33121598286142e-07
3.54853265114627e-05,6.79436067895475e-06,2.70966773377279e-06,1.49954520074739e-06,1.45684187457324e-06,1.41600551861076e-06
0.000109240175809559,5.03834276290436e-05,5.87776583888135e-06,1.48294026305373e-06,7.48216801337391e-07,7.29544786683284e-07
0,0,0,0,0,0
1.95673040706767e-06,0,0,0,0,0
6.55877924247019e-05,3.46486427746531e-06,1.83353486547718e-06,0,0,0
0,0,0,0,0,0
2.92657051736571e-05,7.10114479614631e-06,4.54257926971877e-06,2.80727136752711e-06,2.72580162579807e-06,2.64810012784635e-06
0,0,0,0,0,0
0,0,0,0,0,0
0,0,0,0,0,0
0,0,0,0,0,0
0,0,0,0,0,0
0,0,0,0,0,0
0.00239312534414691,0.00260421317981163,0.000749339924829449,9.68007671527115e-05,9.88458044996237e-06,1.53021554517737e-06
0.000268618442541896,9.26761516820198e-05,2.29337599783889e-05,5.34121813674665e-06,8.81608906070583e-07,5.22201705253927e-07
0.00725982213446551,0.00754632740539109,0.00400691620990591,0.000634784330743062,9.79897193591554e-05,1.43794136234171e-05
0.00156408370924027,0.00161802634980365,0.00100810619303416,0.000195867338030547,2.99892305061642e-05,5.97975583290157e-06
5.57023151106554e-06,0,0,0,0,0
0.00027243609858648,0.000113632826076406,4.01008188755159e-05,6.91833238929625e-05,1.47946422913093e-05,8.00026245138849e-06
0,0,0,0,0,0
0,0,0,0,0,0
0.000670846895256082,0.000634807193466753,0.000377041326970237,5.77927324161065e-05,8.61811248233179e-06,1.57629875096009e-06
0.00104119447145583,0.00119733079997433,0.00102180921292148,0.000269886517091682,5.41400927192542e-05,3.65102452815891e-05
0.000243780566447616,0.000231334655894949,7.43060167453689e-05,9.55476438628214e-06,2.41270912140531e-06,0
0.00860659243430619,0.0103358518017199,0.00577046513596167,0.000967745636455936,0.00015589087422369,4.69431926406783e-05
0,0,0,0,0,0
0.000268506897097313,9.69874745666257e-05,8.9279214651457e-05,3.37997949862423e-05,5.18104165234137e-06,2.30906837318482e-06
0,0,0,0,0,0
0,0,0,0,0,0
0,0,0,0,0,0
0.000707602358566165,0.000420204562873453,9.86364302850639e-05,1.31739815704112e-05,2.3787716621676e-06,8.64635706160771e-07
0.000274306838003349,0.00010880940146839,1.86937509186856e-05,1.5476145155465e-06,1.23357758740679e-07,9.47292336072423e-09
0.00142879668567569,0.00109655889449727,0.000429743547691295,6.1995315462394e-05,1.14933299288131e-05,3.9066931587699e-06
1.08512411263014e-05,1.82280252567382e-06,1.45887930742648e-06,0,0,0
0.000829299482298745,0.000571150993158604,0.000190568596545553,2.30756862820788e-05,3.35132878298978e-06,9.4429241751076e-07
5.27389890090419e-05,1.48089959884245e-05,7.71310253809754e-06,3.59667961251816e-06,3.61476900283663e-06,3.63480724129508e-06
4.15539230370664e-05,1.08749864645789e-05,6.3986759196388e-06,1.73745359531168e-06,1.73030319747837e-06,1.72416710572173e-06
0,0,0,0,1.95142428671765e-05,2.91827467824819e-05
0,0,0,6.64864310669197e-05,6.50015503632025e-05,4.77691228517617e-05
0,0,1.83100817215644e-06,0.00450357978450351,0.00196656346903173,0.00124904634621271
6.33542825798191e-06,0,0,0,0,0
0,0,0,0,0,0
1.80385104357015e-05,2.7201534232679e-06,7.40641225840794e-07,0,0,0
3.53305711212289e-05,2.95296234629185e-06,0,0,0,0
8.45839255875354e-05,1.17168255647369e-05,9.64789029010749e-07,4.18075201029513e-08,1.75926781132359e-09,7.20615448470529e-11
0.000189699446700587,5.230755158514e-05,7.15476770724076e-06,7.07406627035541e-07,4.31264276795368e-08,2.51232817152207e-09
0,0,0,0,0,0
0,0,0,0,0,0
1.64426216833175e-05,1.14684487132448e-06,0,0,0,0
0,0,0,0,0,0
0,0,0,0,0,0
8.97487115862256e-06,1.48016030756616e-06,0,0,0,0
0.000239154977072303,7.87326146734218e-05,1.43085047794985e-05,1.88134368341841e-06,1.23890168469709e-07,7.76560644935447e-09
0.00184071381835731,0.0020115258762451,0.00139530031761993,0.000288127878176872,4.51944419894913e-05,3.03699850781423e-05
8.03067117283e-06,0,0,0,0,0
0.000121488412335164,0.000110322447177818,4.29330477016088e-05,9.12560677122412e-06,0,0
0,0,0,0,0,0
0.000326905292615904,0.000143493357015503,6.90070323105316e-05,2.61394310824925e-05,9.46311747178736e-07,3.34952423078211e-08
8.86191071616662e-05,2.57676906939229e-05,7.69510965219188e-06,1.43956706174296e-06,5.15746918026276e-08,1.82244803631581e-09
2.39897201439413e-05,2.54243859639167e-06,0,0,0,0
4.16854061648933e-05,5.29953711339531e-06,1.81098894178271e-06,0,0,0
2.95013394054542e-05,2.65424724109384e-06,0,0,0,0
2.44783680679716e-05,1.18756642882052e-05,5.51774435526739e-06,0,0,0
0,0,0,0,0,0
0,0,0,0,0,0
0,0,0,0,0,0
0,0,0,0,0,0
0,0,0,0,0,0
0,0,0,0,0,0
0.00404837335682397,0.00359834895448874,0.00178469948947467,0.000322853158457501,4.67698776147757e-05,9.21943095145048e-06
0.0132404778650249,0.0149516609966827,0.00907844719147119,0.00193565927390828,0.00041286617980504,4.89835199122279e-05
2.37049512939958e-05,1.60590986264962e-06,0,0,0,0
1.11895389402548e-05,0,0,0,0,0
0.00174381127301181,0.00152525901491295,0.000727745490226046,0.000132327550657842,2.03995819085974e-05,5.04888781886092e-06
0.00034682906918128,0.000128087861198287,0.000217330408766811,0.00012457421576185,3.73616952725156e-05,1.96473271764088e-05
0,0,0,0,0,0
0,0,0,0,0,0
0,0,0,0,0,0
0,0,0,0,0,0
0.000190334414384141,5.50548696832243e-05,9.60404766145252e-06,1.03952868530703e-06,6.31375832773253e-08,3.66504329914201e-09
0.000264636368065025,0.000137791557463532,3.37856444032788e-05,5.80860468195124e-06,0,0
1.7631880590512e-05,0,0,0,0,0
4.77516064389278e-05,2.42650203543078e-06,0,0,0,0
1.05540223504101e-05,1.0764483537486e-05,7.4502943518959e-06,1.84237088987385e-06,0,1.300928634485e-06
0,0,0,0,0,3.86303107080855e-06
5.82996716861984e-06,0,0,0,0,0
0.000323556663201028,0.000233903146380271,7.37925644340998e-05,1.62864588044385e-05,5.38536543272013e-06,1.81156250824718e-06
0,0,0,0,0,0
0,0,0,0,0,0
1.25085202278831e-06,0,0,0,0,0
8.25702410242712e-06,0,0,0,0,0
0,0,0,0,0,1.46761635674395e-06
0,0,0,0,0,0
0.000246530665948278,8.36308992862342e-05,2.17384055207816e-05,6.32175749696729e-06,1.6868356717804e-06,7.22226367136969e-06
0.000210157557867177,6.15666775797089e-05,1.54665960846917e-05,3.73534381737326e-05,1.1202309565915e-05,5.04495616453804e-06
0.000608857956797517,0.000521360694165925,0.000191430413561166,2.77289826531135e-05,4.5197570779731e-06,1.22848590346695e-06
1.34090183094509e-06,0,0,0,0,0
0.00141074523455392,0.00127702875534343,0.000632436598249328,0.000111779728482516,1.52278725207179e-05,2.30857624125223e-06
0.000472529298060787,0.000310432190777399,0.000108993188430937,1.36763335095474e-05,1.49665013900771e-06,1.5340234579116e-07
2.55252008298305e-05,6.85365131158611e-06,4.68874846717398e-06,0,0,0
0,0,0,0,0,0
5.48554982919578e-06,0,0,0,0,0
0.00014622798287676,1.49129447780652e-05,3.63180059811005e-06,2.3815492810299e-06,0,0
0,0,0,0,0,0
0,0,0,0,0,0
0,0,0,0,0,0
0,0,0,0,0,0
2.2090378030623e-06,0,0,0,0,6.87104218504291e-06
0,0,0,0,0,9.42074234192114e-06
2.86627786969382e-05,0,0,0,0,0
0,0,0,0,0,0
0,0,0,0,0,0
8.39278363225203e-05,6.57884504028351e-06,3.40599634645106e-06,7.11392435168789e-07,0,0
0.000140892184399354,9.237491730747e-06,5.29311716862944e-06,1.79487566238861e-06,1.73847672379294e-06,1.68468205823452e-06
0.000110880071351335,1.95543224781442e-05,3.4847843855659e-06,8.08697275466225e-07,3.79043359696001e-08,1.73052187199882e-09
9.56513449250568e-05,1.47034267683121e-05,3.0616277630997e-06,1.06978179406597e-06,4.62752149984342e-08,1.94222566189607e-09
0,0,0,0,0,0
0,0,0,0,0,0
0,0,0,0,0,0
0,0,0,0,0,0
0,0,0,1.65229051316671e-05,0.000819291542813926,0.000188120387046574
6.02435685788591e-05,8.64863679753841e-06,5.65738970904315e-06,1.61619537721803e-06,1.56962299528372e-06,1.52519330461801e-06
7.27666030568291e-05,7.00609597382737e-07,0,0,0,0
0.000138438726006502,7.19726382780782e-05,1.45730661299405e-05,3.08341027387884e-06,0,0
0.000133870662789496,3.52090410422699e-05,1.24602456197781e-05,3.25187944095249e-06,0,0
0,0,0,0,0,0
0,0,0,0,0,0
0,0,0,0,0,0
0,0,0,0,0,0
5.07625625933534e-05,4.15898521896168e-06,1.55108407557488e-06,1.17019328831886e-06,0,0
9.11156143557485e-05,6.61501109955587e-06,2.93265691606161e-06,2.15828455363932e-06,0,0
0,0,0,0,0,0
0,0,0,0,0,0
8.94100511180318e-05,8.56121164683579e-06,4.16380706177144e-06,3.02588950776682e-06,0,0
0.000497352137094923,0.000366074404240199,0.000173921852864247,6.98746328780034e-05,1.62903309745449e-05,8.31932143553312e-06
0,0,0,0,0,0
0,0,0,0,0,0
6.92905885682866e-05,5.7486471725964e-05,2.51588312705343e-05,4.15980573954015e-06,0,0
0.000327152969379627,0.000272208169287149,0.000106721897621328,3.77399294441053e-05,1.33408733079799e-05,7.25147335955127e-06
0.000212645532574257,0.000184187292963765,8.52309138121302e-05,2.3058364423845e-05,5.47629547288923e-06,1.84171960267661e-06
6.60983983815555e-06,0,0,0,0,0
1.27126303405991e-05,0,0,0,0,0
9.08598923314339e-06,0,0,0,0,0
5.41174907002296e-06,0,0,0,0,0
7.84853287098138e-07,0,0,0,0,0
9.83083875090382e-06,0,0,0,0,0
7.17885067321481e-05,6.51373771334048e-06,4.2485278671518e-06,7.74210842531176e-07,7.53870856365322e-07,7.34321900564944e-07
2.23168745688675e-05,7.29073471304758e-06,3.37965764152753e-06,0,0,0
0,0,0,0,0,0
0,0,0,0,0,0
0,0,0,0,0,0
3.75964471848833e-06,0,0,0,0,0
0,0,0,0,0,0
0.000200764710524794,1.62645132840519e-05,9.13148202692988e-06,5.09764890700357e-06,4.22168297017503e-06,4.10577429355574e-06
9.09281243928331e-05,6.12510626887792e-05,3.02814042515629e-05,6.38374484388104e-06,0,0
3.40819754633443e-05,2.51791009569448e-05,4.95891318077029e-06,9.30074502160187e-07,0,0
0.000210213060737536,5.88722579863506e-05,1.02569697744817e-05,1.38944940569304e-06,5.54460184923837e-07,4.80145729897038e-07
0.000122927329761231,1.99904295363267e-05,1.96619378863944e-06,1.10192215858248e-07,5.89821116555331e-09,3.02998011584997e-10
1.19657484591334e-05,1.14509921004145e-06,8.05444128781873e-07,0,0,0
0,0,0,0,0,0
0,0,0,0,0,0
0,0,0,0,0,0
8.4628357737545e-05,1.20411549552064e-05,7.15442384164641e-06,3.62574457957049e-06,0,0
0,0,0,0,0,5.16252143565961e-06
0,0,0,1.65239841724733e-05,0.000819328471989744,0.00019354134315984
0.000104668693043546,5.79130741440126e-05,1.33512604792387e-05,2.29827870342718e-06,0,0
0,0,0,0,0,0
9.52303657052078e-05,1.83759385591425e-05,1.19898265748314e-05,5.48579740144441e-06,0,0
0,0,0,0,0,0
5.13606006362599e-06,0,0,0,0,0
5.4283169476813e-05,1.58941515278569e-06,0,0,0,0
4.43067900383378e-05,0,0,0,0,0
1.07983835044365e-05,0,0,0,0,0
0,0,0.0281069367725857,0.140489547168278,0.178821629719859,0.222635075556361
0.000132406027052175,5.75259021637669e-05,2.02877783228891e-05,7.00976842082079e-06,0,0
3.24948041524467e-06,0,0,0,0,0
5.12500297262504e-06,0,0,0,0,0
0,0,0.364669795163471,0.977096157264784,1.32976111142555,1.32768038595713
0,0,0,0,0,0
1.06510555131755e-06,0,0,0,0,0
7.89377153273632e-06,0,0,0,0,0
0,0,0,0,0,0
0,0,0,0,0,0
0,0,0,0,0,0
0,0,0,0,0,0
0,0,0,0,0,0
0,0,0,0,0,0
0.0001424821702851,5.09392613088252e-06,1.65810274639686e-06,0,0,0
0,0,0,0,0,0
1.69900701102569e-05,1.75853096895663e-06,1.22936621741463e-06,9.54187594642052e-07,0,0
0,0,0,0,0,0
0,0,0,0,0,0
0,0,0,0,0,0
0,0,0,0,0,0
0,0,0,0,0,0
6.25833411601154e-05,1.30718098014742e-05,8.37836302173993e-06,3.31988713498506e-06,0,0
8.65236743442533e-05,1.82073262924061e-05,7.82760640589236e-06,2.71494851515156e-06,0,0
0,0,0,0,0,0
4.72758992194102e-05,4.42540964695939e-06,1.40786796143789e-06,1.03104605340293e-06,0,0
2.1533926313159e-05,2.638177238284e-06,1.74206578227994e-06,1.27968973509791e-06,0,0
3.38579769827816e-05,5.98075887811903e-06,2.63258531861161e-06,1.88473141103409e-06,0,0
0.000148992980275858,2.92237860377897e-05,3.43318788527377e-06,2.15393606357836e-07,1.28187831498572e-08,7.27611541433969e-10
8.27800949268568e-05,8.77009093001583e-06,6.07586767818181e-07,2.72221080587184e-08,1.17801883160128e-09,4.44619911206636e-11
0,0,0,0,0,1.49258531427361e-06
0,0,0,3.86387021953084e-05,4.93706032199109e-05,5.45888370487375e-05
3.30342645082466e-05,0,0,0,0,0
8.5082662394049e-06,0,0,0,0,0
0,0,0,0,0,0
0,0,0,0,0,0
0,0,0,0,0,0
1.12187453706286e-05,8.25450911564556e-07,0,0,0,0
1.72177213796416e-06,0,0,0,0,0
0,0,0.00902537160553382,0.012585806682685,0.0139939602072004,0.0140423806780306
7.94742108909808e-07,0,0,0,0,0
5.16701186895724e-06,9.66349358559716e-07,0,0,0,0
4.65467891062858e-06,0,0,0,0,0
1.89299923338708e-06,0,0,0,0,0
1.32570469744682e-05,0,0,0,0,0
4.24306426968407e-05,0,0,0,0,0
0,0,0,0,0,0
0,0,0,0,0,0
0,0,0,0,0,0
0,0,0,0,0,0
0,0,0,0,0,0
0,0,0,0,0,0
0,0,0,0,0,0
0,0,0,0,0,0
0,0,0,0,0,0
0,0,0,0,0,0
0,0,0,0,0,0
0,0,0,0,0,0
0,0,0,0,0,0
0,0,0,0,0,0
0,0,0,0,0,0
0,0,0,0,0,0
0,0,0,0,0,0
0,0,0,0,0,0
1.21057622881479e-06,0,0,0,0,0
0,0,0,0,0,0
1.36253933025101e-05,2.30713079423763e-06,1.49171544230111e-06,1.0734098139898e-06,0,0
8.96475467380624e-06,1.40064475134091e-06,9.23001599988974e-07,0,0,0
4.6773078960399e-06,9.77131979971334e-07,0,0,0,0
0,0,0.00924174112259438,0.0578122829713287,0.0946407772530924,0.123933182214255
0,0,0.15665043109434,0.574571130276329,0.755306384425807,0.983422750594196
0,0,0,0,0,0
0,0,0,0,0,0
5.45407158947247e-05,0,0,0,0,0
6.82412859931004e-05,0,0,0,0,0
1.61138471737334e-05,0,0,0,0,0
5.31217207122263e-06,0,0,0,0,0
3.81698220752655e-06,0,0,0,0,0
1.32602903787168e-06,0,0,0,0,0
2.15353235901837e-06,0,0,0,0,0
5.90517636593004e-06,1.32702281850217e-06,8.8613768215527e-07,0,0,0
3.79353106563497e-06,9.69066852504922e-07,0,0,0,0
8.78728626094308e-06,0,0,0,0,0
4.20665352664337e-06,0,0,0,0,0
6.46243703972612e-05,8.83144590774738e-06,2.51095222802964e-06,1.79778426983086e-06,0,0
0,0,0,0,0,0
0,0,0,0,0,0
0.00050817025559466,0.000346024287240376,0.000127172848584368,1.6195730556232e-05,1.89946741233905e-06,2.06750921005657e-07
0,0,0,0,0,0
0.000389011649183444,0.000215370900486842,5.98619428958474e-05,6.7090741799561e-06,6.65806480941318e-07,6.18362141237024e-08
2.23413949073552e-05,2.58290494396985e-06,2.20128696581409e-06,0,0,0
8.55773462282172e-06,1.60857398620692e-06,1.04259377990481e-06,7.52050446892212e-07,0,0
3.5846405321534e-05,1.4966839854488e-06,9.70755817333554e-07,7.00721002344133e-07,0,0
0,0,0,0,0,0
0,0,0,0.000956109854295574,0.000440849141595128,0.000491604242272673
0,0,0,0,0,0
0,0,0,3.86300106588298e-05,5.09524327091018e-05,5.03105882753801e-05
0,0,0,3.72341397554254e-06,3.21526146578019e-05,3.69312624005773e-05
0,0,0,0,0,0
0,0,0,0,0,0
0,0,0,0,0,0
0,0,0,0,0,0
1.01729883666412e-06,0,0,0,0,0
0,0,0,0,0,0
2.53101900010975e-06,0,0,0,0,0
0,0,0,0,0,0
0,0,0,0,0,0
1.01651530918782e-06,0,0,0,0,0
0.000468276390547928,0.000310314605534749,0.000110437053047583,1.40154171234601e-05,1.60523669559944e-06,1.70844845378818e-07
1.33173795642863e-06,0,0,0,0,0
0,0,0,0,0,0
0,0,0,0,0,0
4.98568608956096e-06,0,0,0,0,0
0,0,0,0,0,0
0,0,0,0,0,0
0,0,0,0,1.31784132608594e-06,0
2.87732003751631e-06,0,0,0,0,0
1.75666145000317e-06,0,0,0,0,0
0.00102085422757076,0.00118445774389472,0.00101623300047939,0.000227608450062653,3.63000028532337e-05,5.36756940398819e-06
2.92279157295439e-05,1.94168859770938e-05,1.65862211433965e-05,3.69833735033825e-06,0,0
0,0,0,0,0,0
0,0,0,0,0,0
0,0,0,0,0,0
0,0,0,0,0,0
0,0,0,0,0,0
0,0,0,0,0,0
0,0,0,0,0,0
0,0,0,0,0,0
0,0,0,0,0,0
1.08277990322352e-06,0,0,0,0,0
0,0,0,0,0,0
0,0,0,0,0,0
0,0,0,0,0,0
0,0,0,0,0,0
0,0,0,0,0,0
0,0,0,0,0,0
3.99720415574116e-06,0,0,0,0,0
3.43706083450382e-06,0,0,0,0,0
0,0,0,0,0,0
0,0,0,0,4.93691969835942e-06,0
2.69404964028516e-05,3.4016264023698e-06,2.8982626896715e-06,0,0,0
2.71610853991888e-05,2.00220191739536e-05,1.70852372208308e-05,3.80563948887895e-06,0,0
7.39504996255614e-07,0,0,0,0,0
4.59403043024066e-06,0,0,0,0,0
0,0,0,0,0,0
2.64106215057412e-06,0,0,0,0,0
4.45972367587024e-06,0,0,0,0,0
0,0,0,0,0,0
1.62249744462812e-06,0,0,0,0,0
4.55446873870694e-06,0,0,0,0,0
8.66087533327657e-07,0,0,0,0,0
0,0,0,0,0,0
0,0,0,0,0,0
6.69238508154578e-06,4.13415904225923e-06,3.52417028372435e-06,0,0,0
0,0,0,0,1.85814907783478e-06,0
0,0,0,0,0,0
0,0,0,0,0,0
0,0,0,0,0,0
7.98787359946422e-07,0,0,0,0,0
0,0,0,0,0,0
0,0,0,0,0,0
0,0,0,0,0,0
0,0,0,0,0,0
0,0,0,0,0,0
0,0,0,0,0,0
0,0,0,0,0,0
0,0,0,0,0,0
0,0,0,0,0,0
0,0,0,0,0,0
0,0,0,0,0,0
0,0,0,0,0,0
0,0,0,0,0,0
0,0,0,0,0,0
0,0,0,0,0,0
2.41170724276994e-06,0,0,0,0,0
1.3755629393777e-06,0,0,0,0,0
2.51454823853518e-06,0,0,0,0,0
2.80153115927639e-06,0,0,0,0,0
0,0,0,0,0,0
0,0,0,0,0,0
0,0,0,0,0,0
8.4735006452258e-07,0,0,0,0,0
7.62057625780677e-07,0,0,0,0,0
0,0,0,0,0,0
0,0,0,0,0,0
0,0,0,0,0,0
0,0,0,0,0,0
0,0,0,0,0,0
0,0,0,0,0,0
0,0,0,0,0,0
8.36443147681044e-07,0,0,0,0,0
0,0,0,0,0,0
0,0,0,0,0,0
0,0,0,0,0,0
0,0,0,0,0,0
0,0,0,0,0,0
0,0,0,0,0,0
0,0,0,0,0,0
0,0,0,0,0,0
0,0,0,0,0,0
0,0,0,0,0,0
0,0,0,0,0,0
0,0,0,0,0,0
0,0,0,0,0,0
0,0,0,0,0,0
7.25686452567338e-07,0,0,0,0,0
0,0,0,0,0,0
1.10770127881243e-06,0,0,0,0,0
1.17302506867709e-06,0,0,0,0,0
0,0,0,0,0,0
0,0,0,0,0,0
0,0,0,0,0,0
0,0,0,0,0,0
0,0,0,0,0,0
0,0,0,0,0,0
0,0,0,0,0,0
0,0,0,0,0,0
0,0,0,0,0,0
0,0,0,0,0,0
0,0,0,0,0,0
0,0,0,0,0,0
0,0,0,0,0,0
0,0,0,0,0,0
0,0,0,0,0,0
0,0,0,0,0,0
0,0,0,0,0,0
0,0,0,0,0,0
0,0,0,0,0,0
0,0,0,0,0,0
0,0,0,0,0,0
0,0,0,0,0,0
0,0,0,0,0,0
0,0,0,0,0,0
0,0,0,0,0,0
0,0,0,0,0,0
0,0,0,0,0,0
0,0,0,0,0,0
0,0,0,0,0,0
0,0,0,0,0,0
0,0,0,0,0,0
0,0,0,0,0,0
0,0,0,0,0,0
0,0,0,0,0,0
0,0,0,0,0,0
0,0,0,0,0,0
0,0,0,0,0,0
0,0,0,0,0,0
0,0,0,0,0,0
0,0,0,0,0,0
0,0,0,0,0,0
0,0,0,0,0,0
2.2041319280603e-06,9.94435804990781e-07,7.66900620128943e-07,0,0,0
0,0,0,0,0,0
0,0,0,0,0,0
0,0,0,0,0,0
0,0,0,0,0,0
0,0,0,0,0,0
0,0,0,0,0,0
0,0,0,0,0,0
0,0,0,0,0,0
0,0,0,0,0,0
0,0,0,0,0,0
0,0,0,0,0,0
0,0,0,0,0,0
0,0,0,0,0,0
0,0,0,0,0,0
0,8.05287979302568e-07,0,0,0,0
0,0,0,0,0,0
0,0,0,0,0,0
0,0,0,0,0,0
0,0,0,0,0,0
0,0,0,0,0,0
0,0,0,0,0,0
0,0,0,0,0,0
0,0,0,0,0,0
0,0,0,0,0,0
0,0,0,0,0,0
0,0,0,0,0,0
0,0,0,0,0,0
0,0,0,0,0,0
0,0,0,0,0,0
8.85396061651216e-07,0,0,0,0,0
0,0,0,0,0,0
0,0,0,0,0,0
0,0,0,0,0,0
0,0,0,0,0,0
0,0,0,0,0,0
0,0,0,0,0,0
0,0,0,0,0,0
0,0,0,0,0,0
0,0,0,0,0,0
0,0,0,0,0,0
0,0,0,0,0,0
0,0,0,0,0,0
0,0,0,0,0,0
0,0,0,0,0,0
0,0,0,0,0,0
1.70911696704266e-06,0,0,0,0,0
0,0,0,0,0,0
0,0,0,0,0,0
0,0,0,0,0,0
0,0,0,0,0,0
1.625723053027e-06,0,0,0,0,0
0,0,0,0,0,0
0,0,0,0,0,0
0,0,0,0,0,0
0,0,0,0,0,0
0,0,0,0,0,0
0,0,0,0,0,0
0,0,0,0,0,0
0,0,0,0,0,0
0,0,0,0,0,0
0,0,0,0,0,0
0,0,0,0,0,0
0,0,0,0,0,0
0,0,0,0,0,0
0,0,0,0,0,0
0,0,0,0,0,0
1.48556644207965e-06,0,0,0,0,0
0,0,0,0,0,0
0,0,0,0,0,0
0,0,0,0,0,0
7.35447148246712e-07,0,0,0,0,0
0,0,0,0,0,0
0,0,0,0,0,0
0,0,0,0,0,0
0,0,0,0,0,0
0,0,0,0,0,0
0,0,0,0,0,0
0,0,0,0,0,0
0,0,0,0,0,0
0,0,0,0,0,0
0,0,0,0,0,0
0,0,0,0,0,0
0,0,0,0,0,0
0,0,0,0,0,0
0,0,0,0,0,0
0,0,0,0,0,0
0,0,0,0,0,0
0,0,0,0,0,0
0,0,0,0,0,0
0,0,0,0,0,0
0,0,0,0,0,0
0,0,0,0,0,0
0,0,0,0,0,0
0,0,0,0,0,0
0,0,0,0,0,0
0,0,0,0,0,0
0,0,0,0,0,0
0,0,0,0,0,0
0,0,0,0,0,0
0,0,0,0,0,0
0,0,0,0,0,0
0,0,0,0,0,0
0,0,0,0,0,0
0,0,0,0,0,0
0,0,0,0,0,0
0,0,0,0,0,0
0,0,0,0,0,0
0,0,0,0,0,0
0,0,0,0,0,0
0,0,0,0,0,0
0,0,0,0,0,0
0,0,0,0,0,0
0,0,0,0,0,0
0,0,0,0,0,0
0,0,0,0,0,0
0,0,0,0,0,0
0,0,0,0,0,0
0,0,0,0,0,0
0,0,0,0,0,0
0,0,0,0,0,0
0,0,0,0,0,0
0,0,0,0,0,0
0,0,0,0,0,0
0,0,0,0,0,0
0,0,0,0,0,0
0,0,0,0,0,0
0,0,0,0,0,0
0,0,0,0,0,0
0,0,0,0,0,0
0,0,0,0,0,0
0,0,0,0,0,0
0,0,0,0,0,0
0,0,0,0,0,0
0,0,0,0,0,0
0,0,0,0,0,0
0,0,0,0,0,0
0,0,0,0,0,0
0,0,0,0,0,0
0,0,0,0,0,0
0,0,0,0,0,0
0,0,0,0,0,0
0,0,0,0,0,0
0,0,0,0,0,0
0,0,0,0,0,0
0,0,0,0,0,0
0,0,0,0,0,0
0,0,0,0,0,0
0,0,0,0,0,0
0,0,0,0,0,0
0,0,0,0,0,0
0,0,0,0,0,0
0,0,0,0,0,0
0,0,0,0,0,0
0,0,0,0,0,0
0,0,0,0,0,0
0,0,0,0,0,0
0,0,0,0,0,0
0,0,0,0,0,0
0,0,0,0,0,0
0,0,0,0,0,0
0,0,0,0,0,0
0,0,0,0,0,0
0,0,0,0,0,0
0,0,0,0,0,0
0,0,0,0,0,0
0,0,0,0,0,0
0,0,0,0,0,0
0,0,0,0,0,0
0,0,0,0,0,0
0,0,0,0,0,0
0,0,0,0,0,0
0,0,0,0,0,0
0,0,0,0,0,0
0,0,0,0,0,0
0,0,0,0,0,0
0,0,0,0,0,0
0,0,0,0,0,0
0,0,0,0,0,0
0,0,0,0,0,0
0,0,0,0,0,0
0,0,0,0,0,0
0,0,0,0,0,0
0,0,0,0,0,0
0,0,0,0,0,0
0,0,0,0,0,0
0,0,0,0,0,0
0,0,0,0,0,0
0,0,0,0,0,0
0,0,0,0,0,0
0,0,0,0,0,0
0,0,0,0,0,0
0,0,0,0,0,0
0,0,0,0,0,0
0,0,0,0,0,0
0,0,0,0,0,0
0,0,0,0,0,0
0,0,0,0,0,0
0,0,0,0,0,0
0,0,0,0,0,0
0,0,0,0,0,0
0,0,0,0,0,0
0,0,0,0,0,0
0,0,0,0,0,0
0,0,0,0,0,0
0,0,0,0,0,0
0,0,0,0,0,0
0,0,0,0,0,0
0,0,0,0,0,0
0,0,0,0,0,0
0,0,0,0,0,0
0,0,0,0,0,0
0,0,0,0,0,0
0,0,0,0,0,0
0,0,0,0,0,0
0,0,0,0,0,0
0,0,0,0,0,0
0,0,0,0,0,0
0,0,0,0,0,0
0,0,0,0,0,0
0,0,0,0,0,0
0,0,0,0,0,0
0,0,0,0,0,0
0,0,0,0,0,0
0,0,0,0,0,0
0,0,0,0,0,0
0,0,0,0,0,0
0,0,0,0,0,0
0,0,0,0,0,0
0,0,0,0,0,0
0,0,0,0,0,0
0,0,0,0,0,0
0,0,0,0,0,0
0,0,0,0,0,0
0,0,0,0,0,0
0,0,0,0,0,0
0,0,0,0,0,0
0,0,0,0,0,0
0,0,0,0,0,0
0,0,0,0,0,0
0,0,0,0,0,0
0,0,0,0,0,0
0,0,0,0,0,0
0,0,0,0,0,0
0,0,0,0,0,0
0,0,0,0,0,0
0,0,0,0,0,0
0,0,0,0,0,0
0,0,0,0,0,0
0,0,0,0,0,0
0,0,0,0,0,0
0,0,0,0,0,0
0,0,0,0,0,0
0,0,0,0,0,0
0,0,0,0,0,0
0,0,0,0,0,0
0,0,0,0,0,0
0,0,0,0,0,0
0,0,0,0,0,0
0,0,0,0,0,0
0,0,0,0,0,0
0,0,0,0,0,0
0,0,0,0,0,0
0,0,0,0,0,0
0,0,0,0,0,0
0,0,0,0,0,0
0,0,0,0,0,0
0,0,0,0,0,0
0,0,0,0,0,0
0,0,0,0,0,0
0,0,0,0,0,0
0,0,0,0,0,0
0,0,0,0,0,0
0,0,0,0,0,0
0,0,0,0,0,0
0,0,0,0,0,0
0,0,0,0,0,0
0,0,0,0,0,0
0,0,0,0,0,0
0,0,0,0,0,0
0,0,0,0,0,0
0,0,0,0,0,0
0,0,0,0,0,0
0,0,0,0,0,0
0,0,0,0,0,0
0,0,0,0,0,0
0,0,0,0,0,0
0,0,0,0,0,0
0,0,0,0,0,0
0,0,0,0,0,0
0,0,0,0,0,0
0,0,0,0,0,0
0,0,0,0,0,0
0,0,0,0,0,0
0,0,0,0,0,0
0,0,0,0,0,0
0,0,0,0,0,0
0,0,0,0,0,0
0,0,0,0,0,0
0,0,0,0,0,0
0,0,0,0,0,0
0,0,0,0,0,0
0,0,0,0,0,0
0,0,0,0,0,0
0,0,0,0,0,0
0,0,0,0,0,0
0,0,0,0,0,0
0,0,0,0,0,0
0,0,0,0,0,0
0,0,0,0,0,0
0,0,0,0,0,0
0,0,0,0,0,0
0,0,0,0,0,0
0,0,0,0,0,0
0,0,0,0,0,0
0,0,0,0,0,0
0,0,0,0,0,0
0,0,0,0,0,0
0,0,0,0,0,0
0,0,0,0,0,0
0,0,0,0,0,0
0,0,0,0,0,0
0,0,0,0,0,0
0,0,0,0,0,0
0,0,0,0,0,0
0,0,0,0,0,0
0.000547955751140822,0.000124903716620478,0.000154213151013514,1.16993650062267e-05,3.2154167837021e-06,1.74625822848565e-06
0.000566508272998357,0.000129489582357835,2.91510181474542e-05,7.78709836267456e-06,4.64521563249012e-06,2.93521069013856e-06
0.000440211801694572,0.000322511879509831,4.14936941273623e-05,4.95982247942289e-06,2.00691562899048e-05,2.24410343775403e-06
0.000212858048164106,7.98189635257081e-05,1.78419400135545e-05,7.56322226802687e-06,1.00260224781762e-06,3.50091669352912e-07
0.00201312653968796,0.00207194775902604,0.00129086629263391,0.000205267201261085,2.4418556652923e-05,4.40053864966943e-06
0.000616075422201583,0.000524514916868495,0.000224214256348427,3.82927191473217e-05,6.1801480108939e-06,1.46563569115951e-06
0.00068284805030007,0.000603916444060706,0.000338242061176251,7.39697264805333e-05,1.57305731804551e-05,7.98965041899331e-06
0.000930051041854889,0.00106705759890344,0.000747565397581583,0.000143375102252408,9.32049098004363e-05,8.58782558673193e-05
0.000737187224138525,0.00074096943337052,3.40708770737893e-05,1.00748839903217e-05,4.53145872831078e-06,3.47061397158856e-06
0.000926108311916057,0.00106062338713236,0.000788077384125206,0.000155847913601158,9.78821287158002e-05,8.99644892757853e-05
0.000911753973279484,0.00155364746549979,0.00101324184696674,0.000249132281335837,9.81389353106767e-05,8.84071745143496e-05
0.00090992867186144,0.000689471334208382,0.000346386437345104,5.07666023958359e-05,7.71553410515997e-06,2.52996145523952e-06
0.000292098391216258,0.000256797601653297,7.54278369441271e-05,2.35924784729681e-05,8.09280026152543e-06,5.69829548791566e-06
0.000755748633885751,0.00043040872741729,0.000134210387213716,2.14637846601367e-05,3.98456766027111e-06,1.83835368094613e-06
0.000652825959176322,0.000496484231517099,0.000199416886301584,6.80176547389611e-05,2.41374086467237e-05,1.5414448663496e-05
0.00127090068607979,0.000946363536596097,0.000440009693171057,6.0760224481899e-05,1.12774459038599e-05,4.72219724822373e-06
0.00119764694146502,0.00236508262653766,0.00154371541456657,0.000380702206050939,9.78667559430722e-05,8.97956620326829e-05
0.000704208437857351,0.000394225670191802,0.000702485616800677,9.82091586139466e-05,1.13142066257692e-05,3.58469851832799e-06
0.00428814383849555,0.0034805836746776,0.00165310601720709,0.000189292751755049,1.73012929312322e-05,3.98006125984503e-06
0.00191011315832868,0.000950168079378018,0.000353406320765169,0.000291613520027725,5.75908341328288e-05,3.34400382097375e-05
0.00291958624700732,0.00166187924865033,0.000657164775882603,0.000127670187933919,2.32946985610448e-05,7.83715018214278e-05
0.0050741090801052,0.0044264270363356,0.00218761186398381,0.000427325207428251,8.48834250682908e-05,6.51279697277527e-05
0.00170503023128831,0.00106449021930166,0.000464656154078995,7.81130905459289e-05,1.37016946456798e-05,5.46208747264868e-06
0.00770056922018239,0.00715056011420579,0.00352510818106711,0.000716543932718387,0.000123657070733558,5.30184894649456e-05
0.0117891249099319,0.011036178446724,0.00488497404750768,0.000609673054458997,7.61531303646802e-05,5.83182141397883e-05
0.00736696831149854,0.00496049702715125,0.00191706117063321,0.000618018780887489,0.000173073696324191,4.55104764159045e-05
0.00639542169640066,0.00386374695099062,0.00139422032886814,0.000678916418835945,0.000187651060825899,5.07521064521429e-05
0.00159393899780668,0.000844560161624122,0.000325823381476425,5.07893435555663e-05,8.52183430635382e-06,2.89916399363043e-06
0.00207121361187968,0.000936423700240572,0.000274978905880436,4.31863480341897e-05,8.98197677633994e-06,3.75597984838108e-05
0.00654230750014898,0.00540544919644467,0.000864290074645868,8.9233345798155e-05,8.79152121806987e-06,2.63943010320162e-05
0.00304372541633769,0.00292766681005901,0.000625473199038653,7.71696888794228e-05,8.27119258494914e-06,2.41976612848218e-06
0.000318473538343064,0.000172399122217573,5.39425447497342e-05,2.60327135521426e-05,1.48690055096576e-05,1.26141120697302e-05
0.00047865866857783,0.000279068330058998,5.06852732970346e-05,7.5067103507389e-06,1.66995592168049e-06,1.15011538967552e-06
0.000269698778437839,0.000120989762220746,4.22596590916495e-05,9.86200292880931e-06,1.14332391695523e-06,4.83626014540877e-07
0.00278109285093178,0.00198713471802876,0.000844321234626115,8.42966491165249e-05,7.0843407208132e-06,1.89388024632216e-06
0.00136902369073489,0.00078702252950874,0.00138529087465695,0.000395115484437057,7.83450473611589e-05,5.23530069016252e-05
0.00245242978053795,0.00128016115834778,0.00181219994748561,0.000221320042498099,2.21675546211188e-05,5.36673314712018e-06
0.00698381166394386,0.00639751031494889,0.00304665448172343,0.000655864533842353,0.000135140725040918,9.20260563111226e-05
0.00255608612616473,0.00115265423581571,0.000450387626724752,0.000337615395737621,0.00011179240968927,5.79210124409023e-05
0.00829505799108853,0.00467220985483827,0.00162688237198538,0.000408467202334635,0.000199362902888518,0.000164362655457249
0.00738897282178698,0.00440026240282165,0.00153313534833263,0.00175250209424119,0.00131760904395343,0.000202003652477991
0.00503573657028966,0.00292550182699097,0.00100714533765506,0.000171295173601681,2.63599921071777e-05,4.7394611360338e-05
0.000414189662671404,0.000143314599033612,7.04353268415796e-05,3.12610232729438e-05,1.70703494713494e-05,1.55018054938889e-05
0.000279015255117205,0.000107636850552766,3.21944334941843e-05,5.37008292653247e-05,2.11655379396357e-05,1.70074955225141e-05
0.000469917300778343,0.000169883766174849,5.29040527332381e-05,1.08802703426162e-05,2.5233632920579e-06,1.74146124830272e-06
0.000443382952213368,0.000183269734132096,6.84128641284994e-05,3.8401063200309e-05,2.46619359990799e-05,2.24669366172851e-05
0.000137664006298836,3.05878872266689e-05,7.26034895446854e-06,3.15823288876592e-06,9.45639328806306e-07,7.68781921319928e-07
0.00144484583300878,0.00150480259674176,0.000725565343818005,0.000142138847433698,6.78171527113696e-06,6.35224637094731e-06
0.00407430069698706,0.00356172229950832,0.00146405421594434,0.000162990160485914,1.35782004479337e-05,2.29082991272713e-06
0.000757710537464041,0.000350874065712996,9.29680283660942e-05,1.58187987198361e-05,2.25746127188872e-06,9.24826052744156e-07
0.000495673702272222,0.000191867896144737,4.78199295304994e-05,7.37727557599869e-06,1.15116520645962e-06,5.8771678268961e-07
0.000198331673861876,3.85799132591564e-05,2.5512426034781e-05,2.171286380441e-05,1.22039413963333e-05,1.11487752893924e-05
0.000126479252893162,2.40842198518691e-05,5.01625214532417e-06,2.06375448690834e-06,6.05327178128619e-07,5.19654110522691e-07
0.00101345375014631,0.000587473713214323,0.000192535230655783,0.000128591648026776,2.22553060948706e-05,2.63562976325757e-06
0.00282950604696409,0.00255880749425011,0.00108982596542667,0.000220214015910783,1.50016533260115e-05,9.28940482004881e-06
0.000126156314091082,2.77085743638384e-05,1.2205202617631e-05,8.09944675378965e-06,1.4041792478236e-06,1.37411773458147e-06
0.000381817622253152,0.000142998222727777,4.20907892608788e-05,6.40824477867019e-06,8.28815288370182e-07,8.08602214627574e-07
0.00158449165979987,0.00132122936804612,0.000539935209941231,0.000120226187766947,5.84142479206736e-05,4.8193160040623e-05
0.000456188579473763,0.000198691548781552,4.98246115216285e-05,3.55117908006467e-05,1.75742535779775e-05,1.23750315928864e-05
0.000669064895111847,0.000390415194339668,9.80502740332388e-05,1.23158583251284e-05,2.03915665110414e-06,1.02129631671655e-05
0.00117679944443924,0.00110356083152499,0.000480132138019823,7.76247756831429e-05,6.39841992877472e-05,5.94368400643281e-05
8.03268297252599e-05,5.265314665997e-05,5.3874442228672e-06,0,0,0
0.000253444461846656,0.000201766692081265,8.58631959657174e-05,1.62124394027287e-05,8.19897830529772e-06,6.9423478447152e-06
0.000849050628661963,0.000448037152427664,0.000111659668947656,1.55832206523021e-05,1.61386652667665e-06,4.59096136031854e-07
0.00108726445701656,0.00049700147466237,0.000135417253907776,2.39531906184277e-05,2.95876763561208e-06,7.34462017863153e-07
0.00117808278549989,0.000565768582895845,0.000705137434129909,0.000187742065156357,4.73737879392499e-05,4.29998156449271e-06
0.00136899082309162,0.000801672847502593,0.000596692787883674,0.000153263441139528,6.54620459631646e-05,5.40509116804956e-05
0.000455574285105964,0.000206041213540015,4.99746876940682e-05,2.92279015158434e-05,7.9510378269104e-06,5.96969764921876e-06
0.00014315817113208,6.54329336262964e-05,4.33284172896755e-05,2.02401534096592e-05,1.02627622315683e-06,5.04838790954297e-07
0.000115043169085897,2.37167387820573e-05,1.71922583260905e-05,1.35566020541321e-05,6.01420404774823e-06,5.93394649934527e-06
6.06646105205745e-05,8.36751602894569e-06,3.32637950886632e-06,2.30889706084729e-05,8.3257980814679e-06,1.00673469689217e-06
0.000420763920335607,0.000177416529744281,4.29975459614574e-05,6.77561098095798e-06,1.14915962661993e-06,7.13742214026109e-07
0.00258457675308266,0.00220250887017511,0.000858692265740627,0.000162842634424572,6.19086536739161e-05,5.14673592272476e-05
0.00140437893192336,0.000626813223951198,0.000169725483051139,2.99427202899344e-05,2.56266073386081e-05,1.51269356733203e-05
0.000542854553697408,0.000226755018079706,7.59302980313846e-05,1.80009267792849e-05,3.08874961926996e-06,1.8965742927278e-06
0.0014869680495493,0.000681424544130519,0.000203636506372473,3.02328214429998e-05,3.76314443744732e-06,1.03890768063128e-06
0.00660571779762254,0.00527397222612077,0.00068886724083562,7.19034433668797e-05,4.47005843556192e-05,1.29739809346204e-05
0.000114777886570771,5.28909027296764e-05,5.16428727868931e-06,1.02312888887915e-06,9.6191797474665e-07,9.05979804108811e-07
5.20257375133354e-05,1.24889082869949e-05,3.5883119130356e-06,7.48697713570665e-07,7.0843444247392e-07,0
4.31617080361629e-05,1.11083062605777e-05,2.91055369836929e-06,0,0,0
2.03384089909737e-05,4.11766435081275e-06,1.12437202394103e-06,0,0,0
0.000185531836957846,8.50842999847053e-05,5.81298610919936e-05,2.03757225398542e-05,1.80843850822295e-06,1.24425649583149e-06
4.048899024079e-05,3.90931402797934e-06,1.62584304437371e-06,1.22862701299179e-06,6.99534446828829e-07,6.76517527629923e-07
0.000133972212883147,5.16323347325277e-05,3.87776660911142e-05,3.20581621516284e-05,1.90221869824152e-05,1.8294083395281e-05
0.000612349264873725,0.000265995393166116,5.90714118710364e-05,1.15941732995858e-05,2.74804073783499e-06,8.92915308509732e-07
0.00473276942244222,0.00336527552335043,0.00125378313354704,0.000132591244118335,1.60648116685169e-05,3.25471882811349e-06
0.00236960308200245,0.00101250888653853,0.000385620346923764,5.71573174070274e-05,1.58925909476987e-05,3.97949250664894e-05
0.00811321736028907,0.00632775985345056,0.00321800908761012,0.000197112171353944,9.35997206236685e-05,3.94501464999049e-05
0.00643551057724086,0.00445985613077076,0.00224045403473923,0.000126232357214588,0.000149840382097513,0.000109524678339764
0.00564378773697678,0.00358853930404325,0.000791394188890097,0.000180483956265406,0.000133180774965953,0.00010456258368074
0.000218135400421941,9.88681247439451e-05,3.34875435417305e-05,7.89435387864674e-06,3.7161207335326e-07,1.69791490073178e-07
0.00541294381651566,0.00429969312065331,0.00138893416199437,9.54441182923778e-05,6.38952667501696e-05,3.7327997518925e-05
4.6823967177207e-05,5.32677453373815e-06,3.65579006633718e-06,2.4943671134942e-06,2.21940401498078e-06,2.02456807296133e-06
5.59079570581956e-05,1.13529449781011e-05,7.28928795652154e-06,3.78472578835014e-06,2.96262572320954e-06,2.67895782572483e-06
0.00027521016914571,9.40574616688035e-05,2.44519319082245e-05,5.83798361949483e-05,4.41623931451726e-05,5.59162598869042e-06
0.00398793999674525,0.00202621885070402,0.00119307035520258,0.000139332340067498,0.000133747241202491,5.52407948869036e-05
0.00474046130279814,0.00217893517985663,0.0037512714819911,0.00229911796954849,0.000377492295886387,0.000176741920364295
0.00311036626578332,0.00130556651035446,0.000546989294766886,0.00223329761137744,0.000352226483722705,0.000188336252560775
0.00824870791823365,0.00356286074863397,0.0016573689894706,0.00742846525440474,0.00695986077687882,0.00651669706300691
0.00013552495391585,1.53834947426243e-05,6.44659421120847e-06,1.01967197262025e-06,9.59948851890423e-07,9.05361650455446e-07
9.45606541795768e-05,1.31582775101586e-05,4.80620600176091e-06,8.38465180789859e-07,7.86436348611833e-07,7.38940158598134e-07
5.62904741580233e-05,7.27284046398365e-06,3.2572252353621e-06,0,0,0
0.0123105681867812,0.00612493585128712,0.00291556412768314,0.00972606287974617,0.00799385327553298,0.00710960815440216
0.00444719688686585,0.00198926491148407,0.000776123411378675,0.000301435357541924,0.000247865632473406,0.000229333324544804
0.0027712000561595,0.0013829352637905,0.000115881546805027,1.27020411095131e-05,4.76545842699624e-06,3.46149710512615e-06
0.000197884715398549,3.93640223184994e-05,5.10888841819856e-05,3.26831894189515e-05,3.70332748877414e-05,3.36654180606778e-05
7.97955823955671e-05,2.2884764840072e-05,0.000139422313753357,5.96701947492167e-05,5.72224021717311e-05,6.73751250806448e-06
0.0126139644561647,0.00960961914652488,0.00507692822369192,0.00048234155672363,0.000223736655379765,0.00019613936368371
0.00609803474933663,0.00480244632704475,0.00252949089508519,0.000381924461006168,9.63478524270606e-05,3.94037598833018e-05
0.00010741332259855,1.62614645079139e-05,1.78883749037411e-06,9.16944860347014e-08,4.52377911403984e-09,2.15134498517837e-10
6.38753635718481e-05,4.44176885939566e-06,1.41392569343099e-06,0,0,0
0.000210452003143727,6.94954771814375e-05,1.31368524324761e-05,1.68752870848276e-06,9.70641299400172e-07,8.91170597082291e-07
0.0009802829317416,0.0005145685389607,0.000147372162188142,3.98634402244435e-05,3.69609605530081e-05,3.57317571059773e-05
0.000204848317369069,7.64025217743587e-05,2.01266870993723e-05,5.06409694370443e-06,4.82241300998697e-06,4.60089424443534e-06
6.42472189984496e-05,7.54575092230549e-05,5.62011670681359e-06,7.70948988907265e-06,9.75624326114944e-07,7.16483158024304e-07
0.000132127201428,2.88222551493086e-05,5.19901391069056e-06,8.74105266228679e-07,6.18797127606513e-07,5.85005712516961e-07
0.000405843175662572,0.000189026841355229,5.40735440345332e-05,3.61905423531051e-06,1.09762244373204e-06,9.40614238964384e-07
0.000157719860495278,3.68610286251566e-05,6.26451421050559e-06,7.3156998933284e-07,3.86604200110565e-07,3.50367068562733e-07
0.00018123838275432,4.65982220786682e-05,6.65092825658467e-06,6.73106564799084e-07,2.32069254278138e-06,2.33243525460305e-06
0.00337403257588845,0.00139019758084707,0.000637317008951595,0.00302038868138754,0.00276807776272459,0.000432956284689182
0.0622695523183126,0.0341553721293934,0.0566216874086904,0.0304569713175748,0.0227622191730807,0.020370459314747
0.00184352749436522,0.00070455891704589,0.000164364932075879,3.91661265531986e-05,0.000192810243328376,0.000102675337101505
0.00317384089339062,0.00214130183154389,0.000597931854450521,0.000123385924724052,0.000109694484916369,0.00010108817263877
0.0218875558297432,0.0122191831595229,0.00456558203585354,0.00137954041952825,0.000822446775537792,0.000703983888587102
0.0309636927676184,0.0235634589396242,0.00292241478624987,0.000831812726089686,0.000643035228967995,0.000595158581725856
0.0140873472210101,0.0106029753345432,0.00121364889501312,0.000347003663094483,0.000262979157718614,0.000240698702968784
0.00282993593310969,0.00126707326091346,0.000429848373795627,0.000172505554318328,0.000134989392574807,0.000123481226215191
0.000808267912559381,0.000339517144132563,7.81965574599017e-05,1.49531289194707e-05,6.54945438092383e-06,4.85020820010865e-06
0.000238029114469266,8.51122776928431e-05,2.11588736978313e-05,3.45074348684732e-06,1.34670124722094e-06,1.15974138407504e-06
0.000197072894442631,6.32844416266273e-05,1.20901369681355e-05,1.41928722783546e-06,5.09247249992655e-07,4.31462275960525e-07
0.908091587178245,0.997126406498845,0.789845995510201,0.240390793317816,0.0902839220463501,0.0500168219295677
5.93972240967136e-05,6.91254132676114e-06,5.2410104654027e-06,3.28249644697498e-06,4.70970972245172e-06,4.30751127414085e-06
0.000100548304293012,2.27377380538202e-05,1.73333018122297e-05,7.33363119309989e-05,9.39168666128992e-05,1.17681320298016e-05
0.000813296306506394,0.00341535672552759,0.00264783096444007,0.00209508598749265,0.00186228503776264,0.00153906851839426
0.0100048961662622,0.00470792469126804,0.00241750560023249,0.0014589007001846,0.00130840467067271,0.00123669602849847
0.00190064264220911,0.000705459696790135,0.000279939560843955,4.90352231809163e-05,2.41762140830867e-05,0.000150311441145034
0.00390475730171445,0.0015868360981179,0.000703201395623903,0.000380209915926304,0.000307115126703626,0.000280626289508085
0.00594069938758834,0.00266266470473434,0.00131661654487808,0.000756189230589579,0.000640657515652096,0.000594185601291752
7.62801001671434e-05,1.14275555149239e-05,2.38861536713867e-06,0,0,0
0.000240665976335592,8.4014634832767e-05,1.38097556925784e-05,1.16933151484643e-06,2.36211252009766e-07,1.61364290206121e-07
0.000142185841751941,2.51797841355229e-05,2.71794577167437e-06,0,0,0
0.00132078487939052,0.00081683469905945,0.00026905325161937,4.08017915221681e-05,8.67955665334539e-06,2.45035608574847e-06
0.00368304877804797,0.00306025348110353,0.00115540760018792,0.000205821742614548,8.26502424411882e-05,7.12416955625071e-05
0.00309754173865303,0.00300399618503067,0.00131758830504182,0.000256631110019964,9.84114935738442e-05,8.45477816622737e-05
0.00296832667057338,0.00320718886519753,0.00167909481814838,0.000346471712730135,0.000101666633866936,8.74458341768242e-05
5.28764850282394e-05,3.65255094781785e-05,4.08185862130274e-05,2.7202933529129e-05,4.87306623207006e-05,4.41509346285884e-05
0.000352055817974494,0.000281798068454075,0.000237833250547888,0.00199629944028443,0.00183897583791229,0.000222902034061088
0.325772669879602,0.410069713483421,0.477419089589589,0.45261862498479,0.40011866753433,0.334993270216546
1.38065740251383,1.32284707834884,1.75878392893341,1.50190458907554,1.30717867792625,1.23775517085202
0.0576152393847171,0.0295265803126674,0.0107944608316943,0.0273721232111462,0.0247856582809925,0.0233675139830315
0.66358381074824,0.730564818636094,0.444627511088052,0.105902406138634,0.0434982961890931,0.0315786069228553
0.00359339523324617,0.00151287257776729,0.00572747441558662,0.0039498671993179,0.00330009529564229,0.00308296058541392
0.00187891639018259,0.000722179977140399,0.000365386284830108,0.00217944381389775,0.00192924665602568,0.00179906990274521
0.0115893152070006,0.0109794337908218,0.00491205412193711,0.000800698571447288,0.000174343133148141,5.75036593512794e-05
0.00575393901354648,0.00518718564122283,0.0020171388905903,0.000392413297373436,0.000110306745896347,8.6499471619168e-05
0.0018086275565551,0.000831934983592559,0.000591460393867934,0.000524883988538815,0.000505956635810201,0.000500582045747475
