"V1","V2","V3","V4","V5","V6","V7"
2.31054515672456e-06,1.80916169876096e-05,3.99842583103722e-05,2.47185930152595e-05,1.1587966057057e-05,8.16325010253954e-06,7.94153355612355e-06
0.000144828675779544,0.000332401315032818,0.000428174249271679,0.00012925989964216,4.48622348714303e-05,2.81484230680035e-05,2.37345920684063e-05
3.0877339883054e-06,2.06721665545411e-05,3.52688071944357e-05,1.895800658387e-05,7.36718366651161e-06,5.2277350992393e-06,5.08942506959141e-06
0.000148353114061335,0.000341308562852466,0.000419684912125781,0.000120960441565972,4.02596638587785e-05,2.41503496041072e-05,1.99687647813954e-05
0,6.75089230783559e-06,1.24257403533943e-05,5.10230625036446e-06,1.79045450185189e-06,1.0096157050611e-06,9.82683587843706e-07
6.45907611680457e-06,3.42528472598875e-05,4.96153043389734e-05,2.09105122071508e-05,7.22728810264151e-06,3.79222441911049e-06,3.68076047489637e-06
0,5.62201143604017e-06,9.60335669223884e-06,2.47329499868853e-06,1.22606205606831e-06,0,0
1.49792434198574e-06,1.35906435059052e-05,1.90789070324893e-05,6.4833948677428e-06,1.89169782751103e-06,1.0665411966766e-06,1.03793060617817e-06
0,0,0,0,0,0,0
0,0,0,0,0,0,0
0,0,0,0,0,0,0
0,0,0,0,0,0,0
0,0,0,0,0,0,0
0,0,0,0,0,0,0
0,0,0,0,0,0,0
0,0,0,0,0,0,0
0,0,0,0,0,0,0
0,0,0,0,0,0,0
0,0,0,0,0,0,0
0,0,0,0,0,0,0
0,0,0,0,0,0,0
0,0,0,0,0,0,0
0,0,0,0,0,0,0
0,0,0,0,0,0,0
0,0,0,0,0,0,0
0,0,0,0,0,0,0
0,0,0,0,0,0,0
0,0,0,0,0,0,0
0,0,0,0,0,0,0
0,0,0,0,0,0,0
0,0,0,0,0,0,0
0,0,0,0,0,0,0
0,0,0,0,0,0,0
0,0,2.62388602398005e-06,0,0,0,0
0,0,1.76067204694138e-06,0,0,0,0
0,0,0,0,0,0,0
0,0,0,0,0,0,0
0,0,0,0,0,0,0
0,0,0,0,0,0,0
0,0,0,0,0,0,0
0,0,0,0,0,0,0
0,0,0,0,0,0,0
0,0,0,0,0,0,0
0,0,0,0,0,0,0
0,0,0,0,0,0,0
0,0,0,0,0,0,0
0,0,0,0,0,0,0
0,0,0,0,0,0,0
0,0,0,0,0,0,0
0.000321624898748524,0.000782800834633704,0.000974287138248154,0.000699414175505742,0.000699414175505742,0.000699414175505742,7.32513125068884e-05
0.000456940301100315,0.00110955107791561,0.000458630422761245,0.00032796015935365,0.000170078380070717,0.000120902867192283,9.68381016346994e-05
0.00167271382934887,0.00250392379985906,0.00268750050912575,0.00252890339401285,0.0017854982278898,0.00125961938465881,0.00099458890645195
0.000881130453395954,0.000485980430052613,0.00165344324381781,0.0012038164133321,0.000699414175505742,0.000699414175505742,0.000699414175505742
0.00145754653534427,0.000981988980441057,0.00237973935034807,0.00106061580167651,0.00129784446379994,0.00107123691892041,0.000329394621547825
0.000511649944686577,0.00123088680571517,0.000475308094497309,0.000319699187007985,0.00016601280794938,0.000120808018430261,9.70960804162448e-05
0.00111466138584023,0.000793841872568759,0.00080398726224285,0.000797273087295466,0.000469136412139161,0.000328565581962634,0.000258235211255679
0,0,0,0,0,0,0
0,0,0,0,0,0,0
0,0,0,0,0,0,0
0,0,0,0,0,0,0
0,0,0,0,0,0,0
0,0,0,0,0,0,0
0,0,0,0,0,0,0
0.00111416344780365,0.000737528862859135,0.000765506264794338,0.000798362509839685,0.000464638037786319,0.000337668843455103,0.000267186559858439
0.00166726586357732,0.00101212334318534,0.00101990758424697,0.00164039075699983,0.00409243400157719,0.00341818832924325,0.00134965310023538
0.00146332097967615,0.00207766298363051,0.00217897983882519,0.00203896430774488,0.00052350949440712,0.00105457722108996,0.000856971349488567
0.00166488506719791,0.0024246262361706,0.00262356328943959,0.00112854461522404,0.00127373873769397,0.00124274266510844,0.00100762090627689
0.00411932812100333,0.00491570648386054,0.00495246347765595,0.00268394907209164,0.00254851395516696,0.00211291230845079,0.00187594630933333
0.00414121587322624,0.00499800880688307,0.0049057300040108,0.00517661147322646,0.0047696946530892,0.00391071661877417,0.00344869405157645
0.00355655034038416,0.00447380309899683,0.00454447671137311,0.00567544192834889,0.00257137951682808,0.00199379356065782,0.00417387750751357
0.00358221530559118,0.00443759436868133,0.0044439617063653,0.00472895784115957,0.00446765184130187,0.0036245876542591,0.00315992498806783
0.00184160669355123,0.00117030621437657,0.00116251981419606,0.00200564740839232,0.00216614553053834,0.00180435483021732,0.00158794862870874
0.0017249605959271,0.00258381730467929,0.00263000314425784,0.00175536212916859,0.00163635497615269,0.00133154092329495,0.00116226644376892
0.00146094930648303,0.0009734368386942,0.000948228372696771,0.00169061826069212,0.00189828966289949,0.00159226478835374,0.00140198565888801
0.00164789657056313,0.00105289930606141,0.00100199965074645,0.00183233607138346,0.00203675360178024,0.00171578505051271,0.00151731935526469
0,0,0,0,0,0,0
0,0,0,0,0,0,0
0,0,0,0,0,0,0
0,0,0,0,0,0,0
0,0,0,0,0,0,0
0,0,0,0,0,0,0
0,0,1.85895593462829e-06,1.64063446228685e-06,7.49682949967289e-07,7.22216295862658e-07,0
0,0,0,0,0,0,0
0,0,0,0,0,0,0
0,0,0,0,0,0,0
1.90221541981341e-05,4.58908358542646e-05,8.30321800593523e-05,3.73238793430497e-05,1.55007667911826e-05,9.21275639987254e-06,8.96748847694304e-06
0.000157474446493595,0.000308511971433645,0.000424962473084717,0.000252888842458284,0.000100505302132412,6.54685818842028e-05,5.60930489730752e-05
1.15063674199928e-05,3.43653817024265e-05,7.17228520670942e-05,3.93820668479755e-05,1.73888786798565e-05,1.2134004742575e-05,1.18151872527139e-05
0,0,0,0,0.000127250545374634,0.000967135189191196,0.00192549343630226
0,0,0,0,3.00505336121196e-05,9.32358556976365e-05,0.000147988970175623
0,0,0,0,0,0,0
0,0,0,0,0,0,0
0,0,0,0.000425963030845467,0.0260651655869544,0.06128965556145,0.110153055171452
0,0,0,0.00641667502212539,0.0542667451594273,0.0868163440380488,0.129215344840756
0.00171377186225666,0.00106523492509767,0.00103129909260424,0.00147616704659024,0.000853333608315016,0.000214477589133646,0.000162437358202205
0.000847657030202913,0.000512344929994231,0.000507004744946155,0.00112196173020509,0.000702771750861045,0.000699414175505742,0.000699414175505742
0.000705138720589558,0.000420188584363843,0.000410348419436846,0.000751607448598331,0.000151627275743469,9.59739031341317e-05,7.2460764925486e-05
0.000713664070019551,0.000451745554514983,0.000447206745517538,0.000310077251269722,0.000182800402864497,0.000138602811554012,0.000108407614215747
0,0,0,0,0,0,0
0,0,0,0,0,0,0
0,0,0,0,0,0,0
0,0,2.71023679634953e-06,2.42075126310467e-06,1.11971552570863e-06,1.07969341376439e-06,1.04409042843529e-06
0,0,0,0,0,0,0
0,0,0,0,0,0,0
0,0,0,0,0,0,0
0,0,0,0,0,0,0
0,0,0,0,0,0,0
0,0,0,0,0,0,0
0,0,0,0,0,0,0
0,0,0,0,0,0,0
0,0,0,1.15558618816463e-05,0.0127717549056937,0.0313968705261816,0.0585726069541075
0.000411518983586707,0.000958648357965631,0.000405997199364284,0.000853694804336984,0.000150986046860944,9.89538984074578e-05,7.99475016267241e-05
0,0,0,0,0,0,0
0,0,0,0,0,0,0
0,0,0,0,0,0,0
0,0,0,0,0,0,0
0,0,0,0,0,0,0
0,0,0,0,0,0,0
0,0,0,0,0,0,0
0,0,0,0,0,0,0
0,0,0,0,0,0,0
0,0,0,0,0,0,0
0,0,0,0,0,0,0
0,0,0,0,8.44948686898753e-05,0.000445270836089361,0.00115410452041522
0,0,0,0,4.74557616039311e-06,9.58090649512415e-06,2.18893890740257e-05
0,0,0,0.0151179428216751,0.0900422288962284,0.172364220131936,0.275388190871664
0,0,0,0,0,0,0
0,0,0,0,0,0,0
0,0,0,0,0,0,0
0,0,0,0,0,0,0
0,0,0,0,0,5.96945505250614e-05,0.00014674741942616
0,0,0,0,0,0,0
0,0,0,0,0,0,0
0,0,0,0,0,0,0
0,0,2.83845287543438e-06,2.48634427366289e-06,1.12673605213024e-06,1.08702123899526e-06,1.05171725856627e-06
2.53136417246191e-05,4.35071835013091e-05,5.67120488239535e-05,2.01015630275615e-05,9.44964547665285e-06,4.95486464277697e-06,4.60043289369229e-06
0.000121012521475343,0.000206855190989865,0.000242322829657841,0.000124375875165806,5.08793368298094e-05,3.51497534124997e-05,3.10508435995369e-05
5.09178937710509e-05,0.000101291281352351,0.000146591011262819,5.9106284487911e-05,2.71597867819129e-05,1.37384773768484e-05,1.24045461797358e-05
0.000229346053652465,0.000415486872782448,0.000510943807774878,0.000344922202516699,0.000158209071491176,0.000107631879685124,8.61204556945449e-05
0.000122998609377772,0.000124151628085557,0.00012537812517115,2.78397373136268e-05,1.71010564548654e-06,1.60166350773924e-06,1.54933476734843e-06
2.54083374343187e-06,2.84587673065873e-06,1.83095432368912e-06,0,0,0,0
0.000258804417163111,0.000261199612887013,0.000261387207276494,0.000121553061635086,4.04556932928508e-05,2.29581517662198e-05,9.28011660359701e-06
0.000253708017009383,0.00020789584267925,0.000208784483831393,0.000119721154904895,3.99057104149332e-05,2.26349344602709e-05,9.06815458258071e-06
0.000128339588076342,0.000129521721541756,0.000130064747565749,3.54830062627776e-05,1.81158409915447e-06,1.69663852123875e-06,1.64157886470605e-06
9.2807281648234e-05,8.71640360131084e-05,8.80295593711425e-05,2.57132742636519e-05,1.57269567038001e-06,1.4715995713661e-06,7.33728065075168e-07
0.00016739143222136,0.000167768966836286,0.000151828073894324,7.92362146256424e-05,1.66063607360384e-05,9.29117248037343e-06,7.78953602762395e-06
0.000452615603915558,0.000455968259967885,0.000421695718477964,0.000177837726054622,8.024354043362e-05,4.39824663046125e-05,2.9584266942924e-05
0.000335746548563334,0.000339626972888997,0.000334649303489895,0.000139734372272373,6.92116420197861e-05,3.55320024093835e-05,2.50013360238471e-05
0.000262135998475457,0.000263404841766809,0.000262994111695695,0.000129374301337014,4.80730128983441e-05,2.28265034721134e-05,1.93621189053076e-05
0.000171863727558225,0.000172968213099527,0.000173437210465254,8.1431007597676e-05,1.70436917526423e-05,9.55558484092028e-06,8.01819633147601e-06
0.000137790086281071,0.000138260466226826,0.000139428650231979,3.58561368833224e-05,1.54681878690617e-05,8.64669995521249e-06,1.58145857398283e-06
0.000263286835378865,0.000265234680327378,0.000264067810389043,0.000128442331203183,3.99517717220457e-05,2.26126262015167e-05,8.98052158122189e-06
0.000177160073806382,0.000177804869026241,0.000178404645223691,8.81905085182922e-05,1.73241910454003e-05,9.72864942601212e-06,8.16908806282627e-06
0.000142155228225841,0.000141937660160028,0.000142408894710372,6.40286217507582e-05,1.57897889979697e-05,8.84217693112092e-06,1.64749594639954e-06
0.000119827090145781,0.000120875662128977,0.000121930345949358,2.69966842135207e-05,1.61068763577511e-06,8.1352745450596e-07,7.940888556671e-07
0.000143874877809708,0.000145072324178137,0.000145521444816262,6.49430220018116e-05,1.59660296528485e-05,8.95300377889848e-06,7.51297771827131e-06
0.000121825827607578,0.000122896540219572,0.000123955658842724,3.40022089297663e-05,1.66501013878894e-06,1.55533506088066e-06,8.30285607862081e-07
1.02298949350742e-06,4.81473747490627e-06,1.42640649051013e-05,3.73468821745071e-06,3.41294936487563e-06,1.70230429711753e-06,1.64693894732556e-06
0,0,0,0,0,0,0
0,0,0,0,0,0,0
0,0,0,0,0,0,0
0,0,0,0,0,0,0
0,0,0,0,0,0,0
0,0,0,0,0,0,0
0,0,0,0,0,0,0
0,0,0,0,0,0,0
0,0,0,0,0,0,0
0,0,0,0,0,5.96945505250614e-05,0.00014674741942616
0,0,0,0,0,0,0
0,0,0,0,0,0,0
0,0,0,0,0,0,0
0,0,1.43588218458004e-06,1.27057115555304e-06,0,0,0
0,0,0,0,0,0,0
0.000205547098199313,0.000344200436399235,0.000382613102352326,0.000231300133713315,9.81163585629407e-05,8.48206257100671e-05,7.3588635578521e-05
0.000305073863805684,0.000485100737237834,0.000521495729115291,0.00016559731732001,0.000177478846443426,0.000160602888650913,0.000140653722199721
0,0,0,0,0,0,0
0,0,0,0,0,0,0
0,0,0,0,0,0,0
0,0,0,0,0,0,0
0.000225310360192231,0.000341603307249083,0.000375408637763691,0.000204906154125482,9.42598052155344e-05,6.44917778235767e-05,5.74494474885424e-05
0.000264293110852706,0.000377708899900942,0.000384737789734747,0.000205968662298686,9.04442636912683e-05,6.5725819927689e-05,5.29135145397967e-05
0.000336008741560815,0.000711953123871495,0.000305346580690401,0.00017594563272804,9.13225713457989e-05,6.04832089922046e-05,4.98726813409131e-05
0.000298801464240329,0.000476353113174516,0.000504958516295968,0.000173520623600662,6.28060886892439e-05,3.8662499864286e-05,2.93460295862491e-05
0.000272031011580217,0.000485891104500617,0.000496742195850148,0.000166026462186837,6.82690416040725e-05,4.02677103710052e-05,2.83238750948851e-05
0,0,0,0,0,0,0
0,0,0,0,0,0,0
0,0,0,0,0,0,0
0,0,0,0,0,0,0
0,0,0,0,0,0,0
0,0,0,0,0,0,0
0,0,0,0,0,0,0
0,0,0,0,0,0,0
0,0,0,0,0,0,0
0,0,0,0,0,0,0
0,0,0,0,0,0,0
1.0105755944242e-06,9.71297430132338e-07,2.96219668576124e-06,0,0,0,0
0,0,0,0,0,0,0
0,0,0,0,0,0,0
0,0,0,0,0,0,0
0.000186160308947998,0.000298422248645443,0.000334536288363238,0.000200815689039808,9.02770088144281e-05,6.67766926457203e-05,6.51981615421912e-05
0,0,0,0,0,0,0
0,0,0,0,0,0,0
0,0,0,0,0,0,0
2.09254568334462e-06,2.04408383817424e-06,1.99539712078318e-06,1.497625988798e-06,1.08263084099977e-06,9.78113517989803e-07,8.81530690666457e-07
0,0,0,0,0,0,0
0,0,0,0,0,0,0
0,0,0,0,0,0,0
0,0,0,0,0,0,0
0.000186042718701056,0.000238033122019677,0.000216865580088205,0.000101277655964723,4.68712947868492e-05,3.36714102593089e-05,2.75370139824968e-05
0.000234959030491961,0.000295027711413516,0.000253109953756305,0.000124996049709514,6.07101834879582e-05,4.8722951971632e-05,4.23573330590681e-05
0.000134536357444374,0.00018901807949032,0.000195967296542686,7.84486974560551e-05,2.60348356456429e-05,1.77887438632153e-05,1.37260141174959e-05
0,0,0,0,0,0,0
0,0,0,0,0,0,0
0,0,0,0,0,0,0
0,0,0,0,0,0,0
0,0,0,0,0,0,0
0,0,0,0,0,0,0
0,0,0,0,0,0,0
0,0,0,0,0,0,0
0,0,0,0,0,0,0
0,0,0,0,0,0,0
0,0,0,0,0,0,0
0.000287057582800905,0.000442859043592163,0.000489974833615771,0.000258623898420461,6.46197626007761e-05,2.48100968316002e-05,1.61645912049826e-05
7.40090931541084e-07,7.48730172465548e-07,7.57159983276391e-07,0,0,0,0
0,0,0,0,0,0,0
0,0,0,0,0,0,0
7.69986659996771e-07,7.78187449856408e-07,7.86160991682554e-07,0,0,0,0
2.70636603255824e-06,3.00043803854632e-06,2.02935364350333e-06,7.73616250079553e-07,0,0,0
9.27690789318907e-05,7.45053794046122e-05,7.54833975201973e-05,2.57961398867812e-05,1.64523243524623e-06,1.54480675482163e-06,8.01100897421854e-07
2.69406970895269e-05,2.71915600531645e-05,2.74031040307494e-05,7.9070188302e-07,0,0,0
7.16284152855705e-06,6.62782228299256e-06,5.93348109329746e-06,8.36528832849382e-07,0,0,0
0.000257013301458533,0.000211991144221345,0.000212942618817939,0.000129632949128596,4.87519896540036e-05,2.32932541409139e-05,1.97911618719672e-05
0.000170451939723605,0.000171674001972869,0.000173043948203925,9.81312438318359e-05,1.76237658068004e-05,9.93427050376932e-06,8.35189144841812e-06
7.37435860370736e-05,7.45811011079049e-05,7.54739991871268e-05,2.63964212290548e-05,1.84455171392378e-06,1.73364197232406e-06,1.68007729334423e-06
0.000176841372175922,0.000178095562292025,0.000187176139752874,0.00010139004285529,3.78511522583274e-05,1.02916254018091e-05,8.66229115746702e-06
3.83932481737999e-05,3.94609455264988e-05,4.04179308882563e-05,8.97473723627224e-07,7.01241820213674e-07,0,0
0.000447902672214803,0.000452070043918545,0.000417876579875841,0.000179209078405477,8.21664580529698e-05,4.50267199522987e-05,3.20598295547798e-05
0,0,0,0,0,0,0
0,0,0,0,0,0,0
0,0,0,0,0,0,0
0,0,0,0,0,0,0
0,0,0,0,0,0,0
6.9582152827958e-05,9.18503868743553e-05,9.32280165066048e-05,4.42760412619183e-05,2.30126967015249e-05,1.86537303824461e-05,1.75757873951704e-05
9.4462623302206e-05,0.000129961366823317,0.00013725001017527,6.80279486194859e-05,3.00143155812239e-05,2.80991877788438e-05,2.6976039595914e-05
7.62452111678132e-05,0.000104970586016487,0.000112667118268855,5.37371409064064e-05,2.28105396771654e-05,1.88883799060555e-05,1.85297933929759e-05
0,0,0,0,0,0,0
0,0,0,0,0,0,0
0,0,0,0,0,0,0
7.91540941172873e-06,9.15370518391569e-06,7.84128034297051e-06,5.30703108192601e-06,3.90421538505548e-06,3.62435310504168e-06,3.36083392054359e-06
1.92203595917318e-05,2.32706006710611e-05,2.11615037370891e-05,1.43512323846862e-05,9.33094031274983e-06,8.70527801489359e-06,7.46914433501776e-06
0,0,0,0,0,0,0
0,0,0,0,0,0,0
0,0,0,0,0,0,0
0,0,0,0,0,0,0
4.25058508708601e-05,4.28759364533999e-05,4.3227670023385e-05,2.99481532270646e-05,1.98414073619952e-05,1.89268157987992e-05,1.80551035668325e-05
0.000699414175505742,0.000699414175505742,0.000699414175505742,0.000699414175505742,0.000699414175505742,0.000699414175505742,0.000699414175505742
8.07630973327415e-05,0.000107354080575213,0.000108942310801209,4.21989221508554e-05,1.86523020165324e-05,1.13557599495009e-05,1.17078364963671e-05
7.39615538774916e-05,7.96924845287387e-05,7.84741770604876e-05,4.48101419126326e-05,2.67789404726173e-05,2.55340878554999e-05,2.43517439494345e-05
0,0,0,0,0,0,0
0,0,0,0,0,0,0
0,0,0,0,0,0,0
0,0,0,0,0,0,0
0,0,0,0,0,0,0
0,0,0,0,0,0,0
0,0,0,0,0,0,0
6.34836301944981e-05,6.66062100849006e-05,4.48923707212813e-05,2.19453406968346e-05,1.41192329791772e-05,1.35301927551001e-05,1.21365129773426e-05
0.000138367913271963,0.000150671152049074,0.000101140721012988,6.02597675833644e-05,4.23606004743264e-05,3.82966379340572e-05,2.97508979516614e-05
0,0,0,0,0,0,0
0,0,0,0,0,0,0
0,0,0,0,0,0,0
0,0,0,0,0,0,0
0,0,0,0,0,0,0
0,0,0,0,0,0,0
0,0,0,0,0,0,0
0,0,0,0,0,0,0
0,0,0,0,0,0,0
0,0,0,0,0,0,0
0,0,0,0,0,0,0
0,0,0,0,0,0,0
0,0,0,0,0,0,0
0,0,0,0,0,0,0
3.05259281173647e-06,3.00600287237509e-06,2.95854957782179e-06,2.20714278093834e-06,1.58613021175683e-06,1.45882200950177e-06,1.33933965771366e-06
1.34995674155682e-05,1.33707141086215e-05,1.32397729299597e-05,9.92961347541105e-06,7.12044570878805e-06,6.00832162863838e-06,5.69054020973426e-06
0,0,0,0,0,0,0
0,0,0,0,0,0,0
3.15783551888768e-05,3.3386228757585e-05,3.18283465788296e-05,1.94705722122853e-05,1.21319936100955e-05,1.13267683107771e-05,1.05834831123632e-05
0,0,0,0,0,0,0
0,0,0,0,0,0,0
0,0,0,0,0,0,0
0,0,0,0,0,0,0
0,0,0,0,0,0,0
0,0,0,0,0,0,0
0,0,0,0,0,0,0
0,0,0,0,0,0,0
2.22828797056392e-05,2.38043108289279e-05,2.01789933144137e-05,1.07733353696263e-05,6.89809707801344e-06,6.52084205026021e-06,6.17489980656698e-06
0,0,0,0,0,0,0
0,0,0,0,0,0,0
8.22843252827309e-07,7.91159636933359e-07,7.60104942395778e-07,0,0,0,0
0,0,0,0,0,0,0
0,0,0,0,0,0,0
0,0,0,0,0,0,0
0,0,0,0,0,0,0
0,0,0,0,0,0,0
0.000699414175505742,0.000699414175505742,0.000699414175505742,0.000699414175505742,0.000699414175505742,0.000699414175505742,0.000699414175505742
0.000699414175505742,0.000699414175505742,0.000699414175505742,0.000699414175505742,0.000699414175505742,0.000699414175505742,0.000699414175505742
0.000699414175505742,0.000699414175505742,0.000699414175505742,0.000699414175505742,0.000699414175505742,0.000699414175505742,0.000699414175505742
3.45837551614681e-06,3.40254914697537e-06,3.34578869000786e-06,2.27586833216872e-06,1.49382567805472e-06,1.36691102181801e-06,1.2485708928931e-06
1.76180437221804e-05,1.7562832728268e-05,1.75059342213424e-05,1.1969261458234e-05,7.86534296395915e-06,6.14947507030558e-06,5.8977046881057e-06
3.90045965150178e-05,3.87866817103359e-05,2.14567177914474e-05,1.51503490851298e-05,9.97602970351562e-06,9.63794778579875e-06,9.33423867556668e-06
7.60855590443239e-05,7.52307768525669e-05,3.85500499553783e-05,2.70407566659256e-05,1.83416885798399e-05,1.78627209552784e-05,1.60081106023566e-05
0,0,0,0,0,0,0
0,0,0,0,0,0,0
0,0,0,0,0,0,0
0,0,0,0,0,0,0
0,0,0,0,0,0,0
0,0,0,0,0,0,0
0,0,0,0,0,0,0
0,0,0,0,0,0,0
3.22319128105056e-05,3.19774999537912e-05,2.29007703249178e-05,1.45591908583158e-05,9.22843881535461e-06,8.86326158942564e-06,8.5308854955231e-06
0,0,0,0,0,0,0
0,0,0,0,0,0,0
0,0,0,0,0,0,0
0,0,0,0,0,0,0
0,0,0,0,0,0,0
3.87320535209378e-05,3.88604511943084e-05,3.66679198897939e-05,2.4791454702499e-05,1.64092158889196e-05,1.55686477102986e-05,1.4794869107017e-05
4.39268775229273e-05,4.35891545652671e-05,3.39511607019507e-05,2.35477649622615e-05,1.53066578698419e-05,1.38963114150345e-05,1.3310264475353e-05
6.09616498190378e-05,6.06883958692869e-05,3.94832748920889e-05,2.680005925857e-05,1.81396473311987e-05,1.75431529983347e-05,1.7008929897411e-05
0,0,0,0,0,0,0
0,0,0,0,0,0,0
0,0,0,0,0,0,0
2.42227208372813e-06,2.36939873204434e-06,2.31627788735342e-06,1.58430793247096e-06,1.04567289311888e-06,9.46163348913455e-07,8.54437286020467e-07
0,0,0,0,0,0,0
0,0,0,0,0,0,0
0,0,0,0,0,0,0
0,0,0,0,0,0,0
0,0,0,0,0,0,0
0,0,0,0,0,0,0
9.01787728774321e-05,8.97439756453602e-05,4.87614109629502e-05,3.19988696490968e-05,2.14024224904994e-05,2.0766063068749e-05,1.95137920160545e-05
0.000104198918474552,0.000103753769408747,5.13888856918437e-05,3.21136460164386e-05,2.22477337718372e-05,2.16518947179777e-05,1.9825893108091e-05
8.63182985850778e-05,8.73705694912972e-05,8.30253178825574e-05,2.76329614940929e-05,2.51974842550734e-06,2.39325100834126e-06,1.62454043062972e-06
9.63723728421582e-07,9.74672784208912e-07,9.85341285801382e-07,0,0,0,0
4.11666007285605e-06,4.40175402477868e-06,2.74436187349789e-06,1.24185829363206e-06,9.19413562247818e-07,8.83985903665801e-07,8.51117050699393e-07
0,0,0,0,0,0,0
0,0,0,0,0,0,0
0,0,0,0,0,0,0
0,0,0,0,0,0,0
4.85310758606831e-05,4.95301212515846e-05,4.74490051551121e-05,5.21454285512014e-06,2.39162999232362e-06,1.58703435579274e-06,1.5316185975674e-06
0,0,0,0,0,0,0
0,0,0,0,0,0,0
0,0,0,0,0,0,0
0,0,0,0,0,0,0
0,0,0,0,0,0,0
0,0,0,0,0,0,0
0,0,0,0,0,0,0
0,0,0,0,0,0,0
0.000116387394887142,0.000118516869901785,0.000107536660359284,3.24524538385244e-05,3.80492767582405e-06,2.95175133542698e-06,2.86116191703644e-06
0.00015125565854852,0.000153498467987263,0.00014253373345715,4.11636377850657e-05,2.99409434449247e-06,2.84645394913531e-06,2.75792644924038e-06
0.00018104092177282,0.000184857995867004,0.000175230081965097,7.87728459134233e-05,2.18582737144007e-05,1.14117947910027e-05,9.87887753901491e-06
0.000223759560875457,0.000227508816943328,0.000218158333383628,9.96971485457905e-05,2.26542114689605e-05,1.17614914503041e-05,1.01216309767528e-05
0.000145307823511332,0.000148219154531472,0.000143453745910673,4.2914518354684e-05,3.41899701968693e-06,3.25227052699114e-06,3.1567073881583e-06
9.03156363567411e-06,8.9401420412268e-06,8.8479840057079e-06,5.31708758864329e-06,3.47725539217495e-06,3.27142185231771e-06,3.07403993433891e-06
2.60170446937289e-05,2.62162672768563e-05,2.64027191519035e-05,1.71767270383258e-05,1.07458705459993e-05,1.01239791927236e-05,8.86723388674099e-06
4.99998097677866e-05,5.13401755607633e-05,5.12902913194756e-05,3.2947006840145e-05,1.9783964601287e-05,1.89430284222063e-05,1.8130054849711e-05
0,0,0,0,0,0,0
4.56804644449959e-05,4.59673684002265e-05,4.33705344514948e-05,2.94916159289158e-05,1.89440754545185e-05,1.8078483675672e-05,1.72662253228332e-05
0,0,0,0,0,0,0
0,0,0,0,0,0,0
0,0,0,0,0,0,0
0,0,0,0,0,0,0
0,0,0,0,0,0,0
0,0,0,0,0,0,0
0,0,0,0,0,0,0
0,0,0,0,0,0,0
0,0,0,0,0,0,0
0,0,0,0,0,0,0
0,0,0,0,0,0,0
0,0,0,0,0,0,0
0,0,0,0,0,0,0
0,0,0,0,0,0,0
0,0,0,0,0,0,0
0,0,0,0,0,0,0
0,0,0,0,0,0,0
0,0,0,0,0,0,0
0,0,0,0,0,0,0
1.96522762747131e-05,1.94970288202086e-05,1.44596695795447e-05,9.12153915718054e-06,4.85664829174048e-06,4.66658652430224e-06,4.49348701604657e-06
1.07891305613393e-06,1.04148096890327e-06,1.00459888372213e-06,0,0,0,0
2.53533063604378e-06,2.48251411129592e-06,2.42934617506698e-06,1.6301623204695e-06,1.05547337760264e-06,9.55273259619948e-07,8.62881580531213e-07
0.000100433357408891,0.000100634617320673,5.18465263384262e-05,3.32249264942303e-05,2.2315274974666e-05,2.16587703943664e-05,1.89205730511062e-05
9.45785373038504e-05,9.88293691135719e-05,5.75521176312071e-05,4.01478420523829e-05,2.55485850666099e-05,2.48627900349362e-05,2.1843787215621e-05
0,0,0,0,0,0,0
0,0,0,0,0,0,0
0,0,0,0,0,0,0
5.90433692802646e-05,5.87839295861532e-05,3.57126178141316e-05,2.31236404360168e-05,1.56283018396804e-05,1.51201522950126e-05,1.46634586272669e-05
0.000699414175505742,0.000699414175505742,0.000699414175505742,0.000699414175505742,0.000699414175505742,0.000699414175505742,0.000699414175505742
0.000699414175505742,0.000699414175505742,0.000699414175505742,0.000699414175505742,0.000699414175505742,0.000699414175505742,0.000699414175505742
0.00020585477793018,0.000207817322061704,8.83775733176144e-05,6.46938786319396e-05,4.87077687003654e-05,4.51185655097838e-05,4.04139881193232e-05
7.82074943405537e-05,7.96491380145363e-05,5.96294988065921e-05,1.00247324304222e-05,2.93200589547429e-06,2.79876501709668e-06,2.67390362308494e-06
1.68718260238666e-06,1.69050964428003e-06,9.91721580690708e-07,0,0,0,0
5.19413829224707e-06,5.06877206037674e-06,4.94409495017008e-06,3.35365405880295e-06,1.67274193979339e-06,1.53819901492801e-06,1.41206818934263e-06
1.06200550403333e-05,1.0437318256698e-05,8.99245599989816e-06,6.23167129362488e-06,3.08224209096433e-06,2.77088747034098e-06,1.85342541519582e-06
0,0,0,0,0,0,0
0,0,0,0,0,0,0
0,0,0,0,0,0,0
0,0,0,0,0,0,0
0,0,0,0,0,0,0
0,0,0,0,0,0,0
0,0,0,0,0,0,0
0,0,0,0,0,0,0
0,0,0,0,0,2.62749506778584e-06,3.9622669524418e-06
0,0,0,0,0,0,0
0,0,0,0,0,0,0
0,0,0,0,0,0,0
0,0,0,0,0,0,4.89513092230165e-06
0,0,0,0,0,0,0
0,0,0,0,0,0,0
0,0,0,0,0,0,0
0,0,0,0,0,0,0
0,0,0,0,0,0,0
9.18054167726269e-07,8.84390619978066e-07,8.51305781031103e-07,0,0,0,0
4.3106995235084e-06,4.27246375266279e-06,2.25021996074106e-06,1.08032479299174e-06,8.02997168896796e-07,7.86686144004161e-07,7.71873786010556e-07
0.000699414175505742,0.000164001449297538,5.12823753346223e-05,2.78611896415588e-05,1.90573998288746e-05,1.70741614857494e-05,1.54992648862855e-05
0.000197345512664379,0.000204579424608037,8.76601568270899e-05,8.11863198745067e-05,5.49528781334812e-05,4.89779460563386e-05,4.38218275044675e-05
0.00014120610037407,0.000143155869331649,6.16236020034278e-05,4.67541777140859e-05,3.46426124722695e-05,3.08785637753155e-05,2.69206946804775e-05
0,0,0,0,0,0,0
0,0,0,0,0,0,0
0,0,0,0,0,0,0
0,0,0,0,0,0,0
0,0,0,0,0,0,0
1.25023140081865e-05,1.25057239513745e-05,6.91341694774174e-06,4.75413683525296e-06,3.30553052752068e-06,3.22595529039077e-06,3.15428547014417e-06
0,0,0,0,0,0,0
0,0,0,0,0,0,0
0,0,0,0,0,0,0
0,0,0,0,0,0,0
4.82490929045107e-05,4.81444823595263e-05,2.20918866688497e-05,1.52562670674767e-05,1.05623293994104e-05,1.02878634601664e-05,1.0041486126568e-05
0,0,0,0,0,0,0
0,0,0,0,0,0,0
0.000699414175505742,0.000173126021488041,5.51118273116784e-05,2.74350441277574e-05,1.63723064027159e-05,1.44302265242358e-05,1.38510440192802e-05
3.11038204661732e-05,3.09166439466741e-05,7.61096643985183e-06,2.23114492635293e-06,1.12634536560226e-06,1.08599923222953e-06,1.04858738716869e-06
5.71990749827137e-05,5.69384985782278e-05,1.60889799890626e-05,6.78409134416257e-06,3.20261437233195e-06,2.34417403757482e-06,2.2154015848999e-06
1.48703262851904e-05,1.48577666918533e-05,5.49147255752244e-06,2.48154339026322e-06,1.31541440447949e-06,1.26584164577698e-06,1.21985035744412e-06
2.42381788025979e-05,2.3853279717013e-05,1.60861930584212e-05,4.98524768010367e-06,2.01434285699969e-06,1.94724007619917e-06,1.8850668895515e-06
4.42944607862058e-05,4.42128632775048e-05,1.36839482383353e-05,6.34083200154099e-06,3.06795718488515e-06,1.70629303841793e-06,1.64958907766249e-06
6.34244669656324e-05,6.30395506239531e-05,9.53815754443222e-06,3.27611486595164e-06,9.97552716138233e-07,9.60751496302587e-07,9.26618851506371e-07
2.80519619236862e-05,2.838080204721e-05,1.16252459742422e-05,5.49527926004736e-06,2.79796304942312e-06,1.64667287771088e-06,1.59281676485251e-06
1.59866636834067e-05,1.59829324312238e-05,8.89161375290336e-06,4.29214078891052e-06,2.28913082061934e-06,1.52417323919624e-06,1.47448306427517e-06
0,0,0,0,0,0,0
7.36858529213351e-07,7.19804273002857e-07,7.03226152498941e-07,0,0,0,0
0,0,0,0,0,3.41300068933586e-06,3.41937379032823e-06
0,0,0,0,0,0,0
0,0,0,0,0,0,0
0,0,0,0,0,0,0
3.69410629378253e-06,3.66073079605062e-06,1.85522416674864e-06,7.30253676749594e-07,0,0,0
0.000699414175505742,8.5528854033813e-05,2.36139200578222e-05,1.33716640716675e-05,8.9891105164937e-06,8.60585596007707e-06,8.38039579339434e-06
0,0,0,0,0.000401631435591354,0.00132652574497632,0.00232123231608135
0,0,0,0,2.2438831247659e-05,4.05144283509582e-05,4.72485039784694e-05
0,0,0,0,0,0,1.55051748848116e-06
3.87215301455783e-05,3.85040621759168e-05,2.62014467331445e-05,1.04257381395835e-05,4.955966098392e-06,4.71555757334854e-06,4.48392440428894e-06
1.00379418810005e-05,9.89000893758832e-06,8.33105640632554e-06,2.83860407805847e-06,1.53258666603341e-06,2.92367236826091e-06,2.83939953360497e-06
0,0,0,0,0,0,0
0,0,0,0,0,0,0
0,0,0,0,0,0,0
0,0,0,0,0,0,0
0,0,0,0,0.000889380593684342,0.000938018729591997,0.00131384484854225
0.000699414175505742,0.000137397809264761,3.80549946338132e-05,2.08452361973514e-05,3.28349302960642e-05,2.67885861249373e-05,2.49649963160761e-05
0,0,0,0,0,0,0
0,0,0,0,0,0,0
0,0,0,0,0,0,0
0,0,0,0,0,0,0
2.58595280175323e-06,2.57144265483484e-06,1.60682150528589e-06,1.15700439245688e-06,8.57002583654853e-07,8.37638927632288e-07,8.19952581106928e-07
1.05352839694931e-05,1.04779081138163e-05,6.04311734936765e-06,4.30702921009577e-06,2.61022333108332e-06,2.5526525575975e-06,2.50013234075161e-06
3.43680134640369e-05,3.41841539861085e-05,1.72701848161978e-05,1.17134829731019e-05,8.62160487707317e-06,8.42110097987072e-06,8.23901936557515e-06
0.000699414175505742,0.000699414175505742,0.000699414175505742,0.000699414175505742,0.000699414175505742,0.000699414175505742,0.000699414175505742
0.000699414175505742,0.000116257861904039,2.79555882112833e-05,1.21019786237341e-05,1.76585796739253e-05,7.00672633471782e-06,6.43527233643612e-06
0,0,0,0,0,0,0
0,0,0,0,0,0,0
0,0,0,0,0,0,0
0,0,0,0,0,0,0
0,0,0,0,0,0,0
0,0,0,0,0,0,0
0,0,0,0,0,0,0
0.000699414175505742,0.000699414175505742,0.000699414175505742,0.000699414175505742,0.000699414175505742,0.000699414175505742,0.000699414175505742
0,0,0,0,0,0,0
0,0,0,0,0,0,0
3.04258325816814e-05,3.25299142753892e-05,3.40883054734192e-05,0.0865442728314151,0.313503085905074,0.508890146695607,0.737133712900426
0,0,0,0,0,0,0
0,0,0,0,0,0,0
2.89696193848748e-06,2.87050763690051e-06,2.84456927611078e-06,1.07501418160372e-06,0.000890420392528588,0.000947261853800183,0.00132380023790333
0,0,0,0,0,0,0
1.39980402030992e-06,1.39284850676987e-06,1.3858294600511e-06,1.00217644671494e-06,7.4553706999919e-07,7.28763984447659e-07,7.1344707424297e-07
6.35308638156767e-06,6.32057240160797e-06,3.80149106375871e-06,2.75279472282375e-06,2.05061286053677e-06,2.00582580925439e-06,1.96498875724388e-06
2.02796788600053e-05,2.01742733486729e-05,1.06410113859051e-05,6.61517174850875e-06,4.95140948866309e-06,4.84959179979805e-06,4.75706203750544e-06
0.000117536167274821,0.000120138252626131,4.74201616970515e-05,3.66600863010683e-05,2.17178880616051e-05,1.92748627557488e-05,1.79618088677307e-05
0.000126133658850784,0.000132487315462674,6.55145541054594e-05,6.00295353595022e-05,3.68220405733105e-05,3.16542744777914e-05,2.87563619964045e-05
0.000185565192378782,0.000195431244629073,9.24508708120613e-05,8.89144296747863e-05,6.00335593869346e-05,5.31854462580735e-05,4.84069958182262e-05
8.67126952316757e-05,8.72087654862072e-05,3.03803207304806e-05,1.68750278263132e-05,1.08944567678996e-05,9.46511750184297e-06,9.29918984430097e-06
2.97196508519331e-06,3.01099652166726e-06,3.05056452871422e-06,0.147254252138488,0.332886804523401,0.486921972245242,0.663307244468631
0,0,0,0,0,0,0
0,0,0,0,0,0,0
4.25581150017168e-05,4.23047723385879e-05,1.80481894153628e-05,1.25937373755721e-05,8.39607631365777e-06,8.21673921766203e-06,8.05285142996115e-06
0.000699414175505742,0.000276832383338762,0.000137164218270459,3.51359524660005e-05,8.23170271599704e-06,5.7062023462089e-06,2.34996858786488e-06
0,0,0,0,0,0,0
0,0,0,0,0,0,0
0,0,0,0,0,0,0
0,0,0,0,0,0,0
0,0,0,0,0,0,0
0,0,0,0,0,0,0
0,0,0,0,0,0,0
0,0,0,0,0,0,0
0,0,0,0,0,0,0
0,0,0,0,0,0,0
0,0,0,0,0,0,0
0,0,0,0,0,0,0
0,0,0,0,0,0,0
0,0,0,0,0,0,0
0,0,0,0,0,0,0
0,0,0,0,0,0,0
0,0,0,0,0,0,0
0,0,0,0,0,0,0
3.42173855251824e-05,3.38053888804808e-05,3.01967509740003e-05,1.19740770425528e-05,4.5368290953158e-06,4.32981921191883e-06,5.81308327119479e-06
8.10979540723827e-05,8.51694844669288e-05,2.56705267337212e-05,1.15386027210759e-05,3.41613075338523e-06,1.97527235384465e-06,1.90850070373952e-06
0.000115885796804066,0.000116654824937913,2.54888853024305e-05,9.91981141095774e-06,1.52490743190789e-06,1.46913071403053e-06,1.41739371446095e-06
0,0,0,0,0,0,0
0,0,0,0,0,0,0
0,0,0,0.00907928325866173,0.0188597690370031,0.0224570774932608,0.0410760043832834
0,0,0,0,0,0,0
0,0,0,0,0,0,0
0.000699414175505742,0.000325016453412364,0.000149739965320085,3.39642831765524e-05,4.82846268948946e-06,2.12303375510265e-06,1.78850844103348e-06
0,0,0,0,0,0,0
5.25930656536286e-05,5.21788939947286e-05,4.58172370532483e-05,1.97118726092102e-05,4.5579067731296e-06,4.35780410187325e-06,4.16410268206463e-06
1.08626424085328e-05,1.07815376869001e-05,9.54783411771079e-06,4.90390627054148e-06,0.000381198808716499,0.00115037504496282,0.000871800312694808
3.66643912951596e-06,3.69310928629678e-06,3.72026841880597e-06,0.0815275024282536,0.189483543968047,0.286181499190125,0.400245116309854
0.00017737558661678,0.000186849596419567,0.00019232555670237,0.271129793662748,0.809613571532507,1,1
1.19094984344257e-06,1.2012565679956e-06,1.21169510993272e-06,0,0.000378527945382078,0.0011471835133917,0.000847006155812728
5.21633789146169e-05,5.32224743191236e-05,2.93628524346313e-05,2.28272875784711e-05,1.14478501317985e-05,9.55439630519614e-06,8.74135538494438e-06
9.28274747332177e-05,9.6039598177225e-05,5.59441098387636e-05,4.52683964831662e-05,2.71037381069845e-05,2.31934105956527e-05,2.16969051324159e-05
0,0,0,0,0,0,0
0,0,0,0,0,0,0
2.20413107810063e-05,2.20549687345039e-05,1.17007389539591e-05,8.38045361749108e-06,6.73094976707499e-06,5.95820106626771e-06,5.89734910304342e-06
9.8053579033294e-06,9.76987572342286e-06,5.96607198848594e-06,3.73923746041144e-06,2.25050657163253e-06,2.20618955082999e-06,2.16601964708115e-06
0,0,0,0,0,0,0
0,0,0,0,0,0,0
0,0,0,0,0,0,0
1.05092278466131e-06,1.04965467728727e-06,1.0483103216868e-06,7.58479414312438e-07,0,0,0
3.06005026581619e-06,3.05389746310775e-06,2.32337076830545e-06,1.68296850451702e-06,1.25408128093868e-06,1.23028985506597e-06,1.20877639069599e-06
8.0485194213159e-05,8.14626903910789e-05,2.10042357304572e-05,7.64066120017383e-06,3.01753332619884e-06,2.19350753190433e-06,2.09565455451604e-06
0.000699414175505742,0.000285007438134038,0.000121724989608307,2.75547283521683e-05,5.10585727675888e-06,3.07150710962487e-06,2.76519021686965e-06
0.000699414175505742,8.22046543086951e-05,4.26404811610151e-05,3.505521022199e-05,2.11096197356546e-05,1.79206091312859e-05,1.63685288793081e-05
0.000699414175505742,0.000699414175505742,0.000699414175505742,0.000106298211227985,1.66005969617719e-05,8.84582743754668e-06,3.52072667531858e-06
0,0,0,0,0,0,0
0,0,0,0,0,0,0
7.50136836414839e-06,7.47820577555734e-06,7.45582870310858e-06,2.55653811187332e-06,0,0,4.81430209043872e-06
4.2479817613276e-05,4.36104851416371e-05,3.19603924086019e-05,2.19893294215912e-05,1.24795177444049e-05,1.04819098472216e-05,1.03756404491391e-05
4.56115442373213e-06,4.54802428792464e-06,3.73017964257729e-06,2.75514930447662e-06,8.78448011233553e-07,8.5882978848739e-07,8.40921329691867e-07
1.78062848696783e-05,1.79248723829888e-05,1.37326042479402e-05,8.87952623734833e-06,6.37561285301229e-06,5.42674914602096e-06,5.41117961726291e-06
1.12720230921114e-06,1.12611830180678e-06,1.12495126357785e-06,8.22915865027193e-07,0,0,0
0,0,0,0,0,0,0
0,0,0,0,0,0,0
0,0,0,0.013855409164416,0.0763817407782932,0.125267215974588,0.158427039145381
0,0,0,0.0128059629605014,0.0632260570179592,0.0710603374587765,0.0703390185270212
0,0,0,0,0,0,0
0,0,0,0,0,0,0
0,0,0,0,0,0,0
8.65317191385983e-07,8.89058993958335e-07,9.13183773771274e-07,0,0,0,0
0.000699414175505742,0.000699414175505742,0.000699414175505742,0.000699414175505742,0.000699414175505742,0.000699414175505742,0.000699414175505742
0,0,0,0,0,0,0
0,0,0,0,0.00184225107698407,0.00245893068290928,0.0070802875020873
0,0,0,0,0,0,0
0,0,0,0,0,0,0
0,0,0,0,0,0,0
0,0,0,0,0,0,0
0,0,0,0,0,0,0
0.000102649492562511,0.000205444349735371,0.000282959230018282,0.000343598280197944,0.000128025218768324,6.73567244412011e-05,5.07098106538515e-05
4.73870135227685e-05,8.20034332107242e-05,9.33358611589342e-05,8.90100155584778e-05,3.64391332017124e-05,2.65361041793071e-05,2.32601817465268e-05
1.20382467768495e-05,2.32849443278128e-05,2.84005266431497e-05,2.61236619310435e-05,1.22400780094981e-06,1.20271469566301e-06,1.18110416204276e-06
1.82715961322474e-06,1.84915064868502e-06,1.8716733256225e-06,0,0,0,3.46874986264249e-06
8.30013227544208e-05,8.58186202720217e-05,6.45517059398575e-05,4.8482208064993e-05,2.85293556277402e-05,2.53283362514049e-05,2.40487988729132e-05
0.000699414175505742,0.000699414175505742,0.000699414175505742,0.000699414175505742,0.000699414175505742,0.000699414175505742,0.000699414175505742
7.31851431515978e-05,7.54800871147115e-05,4.22048836111381e-05,1.78133586339971e-05,8.95943179368986e-06,8.51297075049674e-06,8.09376395827307e-06
4.39446162368843e-05,4.39976832360022e-05,1.63141632602506e-05,6.55138002894112e-06,3.06586920912491e-06,2.92676932097639e-06,2.79356158510897e-06
0,0,0,0,0,0,0
0,0,0,0,0,0,0
0,0,0,0,0,0,0
0,0,0,0,0,0,0
8.60517586785579e-05,8.75388778724006e-05,7.20138923971216e-05,3.18576359195173e-05,1.79479983820684e-05,1.7024881192803e-05,1.61583226736331e-05
0,0,0,0,0,0,0
0,0,0,0,0,0,0
0,0,0,0,0,0,0
0,0,0,0,0,0,0
0,0,0,0,0,0,0
4.18361656866947e-06,4.16583317297652e-06,3.39559693019372e-06,1.92430408684404e-06,8.1343697645766e-07,7.97423786147385e-07,7.82361620671769e-07
0,0,0,0,0,0,0
0,0,0,0,0,0,0
0,0,0,0,0,0,0
0,0,0,0,0,0,0
1.39589442875e-05,1.3934813888314e-05,1.16476288997988e-05,6.61575399309421e-06,3.18689413162947e-06,3.13784882525684e-06,3.0921000062397e-06
3.69728135778164e-05,3.64850717518473e-05,2.99186499993601e-05,2.06448616259983e-05,1.15729505755236e-05,9.87655349530831e-06,9.69925872320405e-06
7.42166760445695e-05,7.62989267587055e-05,6.43565100305343e-05,4.92211884477844e-05,2.94971294626621e-05,2.39575162599715e-05,2.31929029343529e-05
0,0,0,0,0,0,0
0,0,0,0,0,0,0
0,0,0,0,0,0,0
0,0,0,0,0,0,0
0,0,0,0,0,0,0
0,0,0,0,0,0,0
0,0,0,0,0,0,0
0,0,0,0,0,0,0
0,0,0,0,0,0,0
0,0,0,0,0,0,0
0.0010381124956069,0.000455308627248459,0.000497953791747319,0.00121057578953193,0.000946980532081792,0.000800304288339573,0.000699414175505742
0.00236936499541233,0.00141578495700897,0.00149944172194539,0.00261011627081425,0.00310624759274312,0.0037593026297488,0.00417660326001138
0.113489195913083,0.149023488971706,0.182250259282559,0.230758836414618,0.205584035223586,0.170923217714786,0.142387496415054
0.247768961611744,0.319092933271008,0.381939640417463,0.517512986020057,0.670244110347339,0.781540280381539,0.858724881853074
0.0471328832145119,0.0213530632927189,0.0187270203623899,0.0281960832452958,0.0195183939287008,0.0177842126283927,0.00727304136933612
1,1,1,1,1,1,1
0.0616775207925821,0.0648200847836253,0.0656844699211863,0.0420260259390647,0.0232866351255033,0.0198257504950974,0.0187367821892465
0.00101926703905136,0.00136571203145163,0.00164120929978084,0.000422688217591924,0.000882945691695252,0.000745181972249212,0.000699414175505742
0.00156237316157934,0.000794388084057242,0.000470693137213708,0.000248189462978226,0.000110063716732427,0.000174378744000957,0.000162710879128336
0.00512946100383237,0.00621703172000369,0.00586992534296478,0.00382980465753464,0.00345888216569893,0.00392558622494653,0.00428381886535927
0.031223588357877,0.0313219221286914,0.0296093922212866,0.0199691335071896,0.00595369793686505,0.00486483361146242,0.00459558741552286
0.0476986569624808,0.0479469606168172,0.0449177316022362,0.0286554429537916,0.018850625219452,0.00732568553093507,0.0065822949322918
0.0962933517957893,0.109671574191199,0.115110684856708,0.0608074962947898,0.0184330947554917,0.0101442213745157,0.00840136957938305
0.0169657640654401,0.0101234594441451,0.00815725228745659,0.00408627814811167,0.00143636446469096,0.000846545603883147,0.000154331974165982
0.0271478739766789,0.0317030835452506,0.034196914466198,0.0178204634217491,0.00585394305807578,0.00335183790530034,0.00274378306370111
0.0219160176647497,0.0150500352525032,0.0119719446874224,0.00552345118086767,0.00193191217145385,0.00118561047353447,0.000999365686366494
0,0,0,0,0,2.62955495768029e-06,3.28873236905821e-06
0.0245966588729843,0.0249049685394422,0.0219754864022612,0.0136776416813394,0.0081136127287565,0.00684634240281525,0.00265746239422186
0.00286793862176707,0.00441030090306124,0.00933427002985204,0.0101290156709255,0.00765635636325895,0.0072393446078138,0.00717192655576471
0.000119782171122431,0.000298129861601616,0.000465476257454596,0.000423854100933337,0.000130610570146821,7.36467644394739e-05,6.01813862300502e-05
0.000699414175505742,0.000699414175505742,0.000699414175505742,0.000699414175505742,0.000699414175505742,0.000699414175505742,0.000699414175505742
0.000139919281674128,0.00015296299903141,8.64281052994454e-05,3.57042493227968e-05,1.62287495952e-05,1.54013632709824e-05,1.39682579129721e-05
0.000699414175505742,0.000699414175505742,0.000699414175505742,0.000699414175505742,0.000699414175505742,0.000699414175505742,0.000699414175505742
0.000699414175505742,0.000699414175505742,0.000699414175505742,6.79427040240615e-05,3.42642919707698e-05,3.00847300179063e-05,2.77817619593133e-05
0.000699414175505742,0.000699414175505742,0.000699414175505742,0.000699414175505742,0.000699414175505742,0.000699414175505742,0.000699414175505742
0.000699414175505742,0.000699414175505742,0.000699414175505742,0.000699414175505742,4.9686966358352e-05,3.38003219866989e-05,3.04499176125959e-05
0.00797652275053244,0.0103137442160092,0.0109675305643786,0.00533845360261308,0.00120602506872589,0.000699414175505742,8.36724867726267e-05
0.0203918273383111,0.016329997911149,0.0137921667852207,0.00636905663778573,0.00185558504898435,0.000932231246541911,0.00071642262178913
0.00611979524385277,0.00896074211128315,0.0109687738155902,0.00713800750962198,0.00156799801181919,0.000699414175505742,0.000699414175505742
0.00705969534714271,0.0109468506353337,0.0145216338155668,0.0127609831373988,0.00267877497778025,0.000699414175505742,0.000699414175505742
0.125166750375867,0.135379211249579,0.13618854819033,0.0704587482170913,0.0241613104661835,0.0155675624190411,0.0137113965743694
0.0151687726338733,0.00907678414194748,0.00674676023397419,0.00322030161645314,0.00120571902735292,0.00179493179385687,0.000176272704092078
0.00721946138428185,0.00508753195933855,0.00397540732874402,0.00165598099707639,0.000300566180055172,7.65330599158008e-05,3.93406871289649e-05
0.0155073731453242,0.0100088500841845,0.00754075612706034,0.00339228609081119,0.00129723168448194,0.000824997822608986,0.000715958541241806
0.0066182128240962,0.00560967110929946,0.00467434465099045,0.00192258548914123,0.000310371598441806,7.29082460725554e-05,3.94940260446512e-05
0.0202042056901552,0.0210977956172285,0.0212477188569398,0.0132181253231444,0.00696790272135315,0.0058014307080806,0.00536991908344394
0.0127920751878308,0.0152387358755876,0.0157059719332457,0.00673785377638963,0.00146217157978304,0.000699414175505742,0.000699414175505742
0.014597070534562,0.0172747238131195,0.0183944524181002,0.0100339705458965,0.00208450785790862,0.000699414175505742,0.000699414175505742
0.0278910535539728,0.0279130664165385,0.0268489795341441,0.017404012257356,0.0115930626584526,0.0102936700051666,0.00975398077228037
5.00889871954131e-05,0.000104832028364512,0.000169011460862579,0.000218999035060425,7.89330157181248e-05,3.49417285541639e-05,2.31549254052791e-05
0.00271244834614482,0.00357686406435148,0.00394594406837312,0.00194398664409195,0.000699414175505742,0.000699414175505742,0.000699414175505742
0.00393423007291073,0.00519044074011388,0.00581437054896584,0.00303786443964486,0.000750847431567141,0.000699414175505742,0.000699414175505742
0.00073740892825777,0.00086013184457496,0.000854106249205696,0.000699414175505742,0.000699414175505742,0.000699414175505742,0.000699414175505742
0.00214499385570921,0.0016002759955301,0.00128906901442027,0.000432809473040469,0.000101026260369687,3.00769495459586e-05,1.29851295982904e-05
0.000852926574370412,0.000481641314187275,0.000317773421241414,0.000104680606053358,2.18554363969309e-05,9.52362503719816e-06,7.87799991800679e-06
0.000699414175505742,0.000699414175505742,0.000699414175505742,0.000699414175505742,0.000699414175505742,0.000699414175505742,0.000699414175505742
0.00890781480153033,0.00922222126002017,0.00783812155110191,0.00594616204739578,0.0017791695693328,0.00125481262929077,0.00115662739870504
0.0185954551453569,0.0088855723269648,0.0167222650995284,0.012789052719539,0.00400859328593186,0.00715079765267469,0.00691298811427246
0.0155092001840076,0.00835069907522489,0.00716726736448963,0.00400456943003729,0.00181436282730921,0.00129282761464308,0.00113502117946588
0,0,0,0,0,0,0
0,0,0,0,0,0,0
0,0,0,0,0,0,0
0,0,0,0,0,0,0
0,0,0,0,0,0,0
0.0157298229334263,0.0159127925780648,0.0151249008267117,0.00956648493388189,0.00579415839495968,0.00206433716047057,0.00182001825010206
0.010467011567015,0.011595143740232,0.0109210415488433,0.0024542303116018,0.000407532563015572,0.00026573734375369,0.000180398447173402
0.00185953080129286,0.00201400683836502,0.00167919389603277,0.00100364048762363,0.000699414175505742,0.000699414175505742,0.000699414175505742
0.00504814695367838,0.00519233051771273,0.00465578153467567,0.0019253439074977,0.000850144088494071,0.000699414175505742,0.000699414175505742
0.00598315083054447,0.00293611406032875,0.00219357968541538,0.00165570321991973,0.00113057477625336,0.000884485087439194,0.000824292001110974
0,0,0,0,0,0,0
0,0,0,0,0,0,0
0,0,0,0,0,0,0
0,0,0,0,0,0,0
0,0,0,0,0,0,0
0,0,0,0,0,0,0
0,0,0,0,0,0,0
0,0,0,0,0,0,0
0.0170538719204835,0.0192802319176923,0.0184803631298433,0.00904391705012982,0.00192044797969437,0.000699414175505742,0.000699414175505742
3.25150859530782e-05,3.17867616392033e-05,2.73959549099968e-05,1.76571266562073e-05,1.16228572413013e-05,1.01563577040837e-05,9.88152893647817e-06
0,0,0,0,0,0,0
0,0,0,0,0,0,0
0,0,0,0,0,0,0
0,0,0,0,0,0,0
0,0,0,0,0,0,0
0.011412278833448,0.013405540262791,0.0132764379051532,0.0054507717361638,0.00125249655845376,0.000699414175505742,0.000699414175505742
1,1,1,1,1,1,1
0.0204524054873365,0.0357910575768061,0.0490127284152881,0.056619302815263,0.0261611910498182,0.017966587216153,0.0164499920572244
0.0176234811279613,0.0197992343196601,0.0202109462297284,0.0111166406541671,0.00438962809305994,0.00282484581398324,0.0024323520734691
6.26077595323099e-05,6.39052687282004e-05,5.20905971662491e-05,3.97634450483276e-05,2.51098549669235e-05,2.34999034073824e-05,2.26863674404698e-05
0.000699414175505742,0.000263840386390872,0.00016666188228769,6.45008796499513e-05,4.39120127015418e-05,1.30725717502521e-05,1.05686336404901e-05
0.000699414175505742,0.000699414175505742,0.000699414175505742,0.000699414175505742,0.000699414175505742,0.000699414175505742,0.000699414175505742
0.0108591246998846,0.0110792327388314,0.0102593635929818,0.00718796294032988,0.00456537225970725,0.00360980583032231,0.00149275469544938
0.000699414175505742,0.000721415905699433,0.000699414175505742,0.000699414175505742,0.000699414175505742,4.72426796642124e-05,2.9065097234921e-05
0.0152038694835652,0.0152821920501409,0.0143276915877923,0.00444315215856891,0.00629969941056241,0.00533635184334666,0.00505263635823648
0.0151171625933268,0.0107562647457895,0.00861318664498214,0.00388063626460217,0.000786868205951618,0.000156370328229576,0.000147507562942038
0.00475397554978027,0.00366169523313579,0.00297721977769594,0.00122108430517415,0.000204391073515324,5.09892631059886e-05,2.03154557493227e-05
0.000116908218798307,0.000121113222559345,0.000103558861283604,8.29503066255052e-05,5.64603309323218e-05,5.31047332803423e-05,5.08516196543281e-05
0.000699414175505742,0.000699414175505742,0.000699414175505742,0.000699414175505742,0.000699414175505742,0.000699414175505742,0.000699414175505742
0.000699414175505742,0.000699414175505742,0.000699414175505742,0.000699414175505742,0.000699414175505742,0.000699414175505742,0.000699414175505742
0.0188556874532126,0.0126910732679744,0.00952138091666518,0.0041631845938921,0.00141371242060983,0.000827564783796866,0.000700432102415211
0.0164712471168134,0.0164569093487065,0.0154148350407919,0.00997201484087198,0.00280925168278793,0.00541270994033269,0.00217004212816343
0.0127122559150133,0.0127353844892842,0.0119733253052554,0.0077164730845344,0.0049619737404949,0.00412307569145072,0.0038184382074668
4.05910009607916e-06,3.34191638493214e-06,3.32422423466591e-06,1.90844343080925e-06,8.66747179503116e-07,8.49968578885865e-07,8.34192471744372e-07
1.15224284054063e-05,1.07322043363282e-05,9.02738943683383e-06,5.68226340865921e-06,2.5185670902549e-06,2.46729819885309e-06,2.41907599396865e-06
0,0,0,0,0,0,0
0,0,0,0,0,0,0
0,0,0,0,0,0,0
7.64671394883553e-05,7.75472244863725e-05,6.66345751556694e-05,3.09247874482181e-05,1.69135989484058e-05,1.62386252109754e-05,1.55996780628072e-05
0.000699414175505742,0.000699414175505742,0.000699414175505742,0.000699414175505742,0.000699414175505742,0.000699414175505742,0.000699414175505742
1.67133290719003e-05,1.64794993667743e-05,1.5221037038796e-05,6.92300397787859e-06,4.05125374972872e-06,3.96107326389137e-06,3.87528750405737e-06
0.00835345041685018,0.00445359575828577,0.00341482221593866,0.00189057334152773,0.000365116006508837,0.000331214255147687,0.000241399744884876
0.0022905671498473,0.00242445276315224,0.0022053120644202,0.00131062343518225,0.000699414175505742,0.000699414175505742,0.000699414175505742
0,0,0,0,0,0,0
0,0,0,0,0,0,0
0,0,0,0,0,0,0
0,0,0,0,0,0,0
0.00465383155070464,0.00472431856183742,0.00437427018634218,0.0017636365335094,0.000742039553357759,0.000699414175505742,0.000699414175505742
0.00123156032682382,0.00135394083994539,0.00119735771434169,0.000716829010417578,9.36939768218178e-05,3.4297953516778e-05,2.65946758196208e-05
0.000699414175505742,0.000699414175505742,0.000699414175505742,0.000699414175505742,0.000699414175505742,0.000699414175505742,0.000699414175505742
0.000699414175505742,0.000115510391862231,7.0374374605934e-05,4.46282751695586e-05,7.52250064547053e-05,5.95004787361551e-05,5.27807697383817e-05
0.00986974382128872,0.0044910162176328,0.00381283065969446,0.00239150361516967,0.0014302685826546,0.00111758701405827,0.00100794225507696
0.00712364081207397,0.00765389840828796,0.00706162224885754,0.00155695012762521,0.000305450929285544,0.000241519875595802,0.0001548110329434
0.00471183821449009,0.00547144675794047,0.0049388966220891,0.00128421521470786,0.000215271014930745,6.30665426823672e-05,3.90006926423954e-05
8.62950026025389e-05,8.66594009350362e-05,7.19106801565406e-05,5.57717059873748e-05,3.95958544204773e-05,3.7942316863086e-05,3.67596829095398e-05
0.000699414175505742,0.000699414175505742,0.000699414175505742,0.000699414175505742,0.000699414175505742,0.000699414175505742,0.000699414175505742
0.00568610126138333,0.00572879026614114,0.00526941973814885,0.00333192866397031,0.000846873921448922,0.000699414175505742,0.000699414175505742
0.0132865598444816,0.00931174074769422,0.00713500616151258,0.00254457286481591,0.000409336303538573,9.69536085860371e-05,9.76444527540611e-05
0.0060575991137558,0.00433721712684935,0.00358827188766727,0.00151370129631345,0.000267312002515469,6.17400406514425e-05,1.96117959707917e-05
0.00290117172003171,0.0020724798527623,0.0015829802121011,0.000459303596592994,8.7652613671567e-05,1.46285118973646e-05,1.85510317206079e-06
0,0,0,0,0,0,0
0,0,0,0,0,0,0
0,0,0,0,0,0,0
0,0,0,0,0,0,0
0.0133024501389589,0.0223332060069812,0.0281966864925192,0.0256093595897959,0.0134747766853152,0.0110445544832726,0.0105968802284227
1.08391735164737e-06,1.07985748600987e-06,1.07553958569221e-06,7.95495188313335e-07,0,0,0
9.34662761833723e-06,9.27290733597376e-06,8.35994145020225e-06,4.83210805619192e-06,1.17361003195249e-06,1.15025651736503e-06,1.12828472229465e-06
0,0,0,0,0,0,0
0,0,0,0,0,0,0
0.000750077454192166,0.00038026987393816,0.000272427486964389,0.000111766296516737,2.62437909214635e-05,9.04013438505812e-06,6.48941143954049e-06
3.07876379903383e-05,3.10425763295172e-05,2.59669777948817e-05,1.8862053463101e-05,1.32055507702148e-05,1.11425562339275e-05,1.01485084932946e-05
0.00724564645516211,0.00730190281761115,0.00677027746284535,0.00434692212195653,0.00252916578494307,0.00193446584431211,0.000744379483266827
0.00651542793407761,0.00673630291967718,0.00641195250810074,0.00406650566849593,0.00239650343693197,0.000195022383402366,0.000279169117133921
9.40471583874814e-05,0.000184096388952541,0.000321027028813601,0.000302093251197652,0.000101965287267184,4.63093303756519e-05,3.76619679717602e-05
8.32322809131721e-05,0.000195236995491202,0.000329770564366253,0.000305981461939707,8.74397719761089e-05,4.2070806436934e-05,3.16916530555691e-05
2.1624235549607e-05,4.69812285218296e-05,7.77114594564855e-05,6.86934371483582e-05,0,0,0
0,0,7.45956837732957e-07,0,0,0,0
0.000699414175505742,6.60492736102309e-05,9.32320700545402e-05,7.34187777164682e-05,5.79664644716214e-05,5.32565216840421e-05,5.03290186125518e-05
0.00109882052642502,0.000768004067468192,0.000405537075408159,0.000127696106703384,2.27960675052224e-05,5.40796105252355e-06,2.92938883385638e-06
0.000699414175505742,0.000266203311158687,0.000133994511059802,4.16093427974143e-05,2.47649391073701e-05,1.87567437626365e-05,7.5221363080232e-06
5.5770172785397e-05,5.64382927593504e-05,4.68897406507148e-05,3.75021279292246e-05,2.51342072982534e-05,2.32041217532546e-05,2.24396972679789e-05
0.0107593844870228,0.0114424422064771,0.0109793953497189,0.00670640370075824,0.00386053424340031,0.00301174552882219,0.00281853265687873
0.000699414175505742,0.000699414175505742,0.000699414175505742,0.000699414175505742,0.000699414175505742,0.000699414175505742,0.000699414175505742
0,0,0,0,0,0,0
0,0,0,0,0,0,0
0,0,0,0,0,0,0
8.51251795444595e-05,8.56798636320979e-05,7.08742159683074e-05,3.10594173287786e-05,1.77488127263201e-05,1.61998905017646e-05,1.54162751413809e-05
3.90962202594751e-05,3.97051663935959e-05,3.30783387143936e-05,1.53163254454168e-05,7.88405018943505e-06,7.68968893468848e-06,7.50494686941064e-06
0.018301159696355,0.0205149322710785,0.0199574996318595,0.00969644174413287,0.00199765871247872,0.000699414175505742,0.000699414175505742
0.00490137141825292,0.00285282604083639,0.00202530036629884,0.000913763281049055,0.000699414175505742,0.000699414175505742,0.000699414175505742
0.00331651156050703,0.00215809349050811,0.0016361634568428,0.000536192692937517,0.000132680701695209,4.07369100819078e-05,2.40550489033495e-05
0.000302190269161908,0.000314334737338274,0.00028939770631557,0.000171791209683521,7.95785964952734e-05,6.06892019203246e-05,5.25814860833405e-05
1.45895724944344e-05,1.6430555896882e-05,1.36454905952886e-05,5.41800345933006e-06,2.16385412500867e-06,2.12939046778444e-06,2.09666370281944e-06
0.00367178575339792,0.00274845704625272,0.00219401132923042,0.000881821178123394,0.000144832992703678,3.43605511261304e-05,1.72468797632884e-05
0,0,0,0,0,0,0
0,0,0,0,0,0,0
0,0,0,0,0,0,0
0,0,0,0,0,0,0
0.000699414175505742,0.000266394818592479,0.000203152762654711,0.000255460826686731,0.000124968693338541,6.84410435791821e-05,5.91283349657039e-05
0.00186391535813559,0.00106980629038829,0.000935038731531328,0.00122659601398024,0.000699414175505742,0.000699414175505742,8.42441354259745e-05
0.00784789090398914,0.00431915855349851,0.00330220299516115,0.0017688971809961,0.000352413806960067,0.000283647810144348,0.000207362779251089
0,0,0,0,0,0,0
0,0,0,0,0,0,0
0,0,0,0,0,0,0
0.000134148560140198,0.00014503165702196,0.000101577824002582,5.36411181166093e-05,3.76737159402731e-05,3.09321884858109e-05,2.37066729174747e-05
0.00323777441528403,0.00253029040797345,0.00214928826551637,0.000908345279503424,0.00016081008077383,3.71234674184361e-05,9.84914051666765e-06
4.54535258064608e-05,4.59257175041112e-05,3.80885470492136e-05,2.85627032400763e-05,2.01994266609851e-05,1.89740902874279e-05,1.85630072175973e-05
0.00536196445442769,0.0060551156267273,0.00607339964765011,0.00246159006664466,0.000952009477931857,0.000699414175505742,0.000699414175505742
8.32741378774164e-05,8.75520493808822e-05,5.68202289199272e-05,3.64318064634592e-05,2.62541116216775e-05,2.5413650206465e-05,2.325144139944e-05
0.00218484633204694,0.00232856127608056,0.00206789939810443,0.00110867024005013,0.000136738016920538,8.30238755011188e-05,6.8175957142195e-05
0,0,0,0,0,0,0
0.000358121492229983,0.000415521875894374,0.000360486990560978,0.000163855120364578,7.1374009304064e-05,3.39813480366189e-05,2.79949378132549e-05
0.00545155174932766,0.00261581704168761,0.00206323234743,0.000805235700108483,0.000699414175505742,0.000699414175505742,0.000699414175505742
0.00663166445817267,0.00325271768491786,0.0026498628651288,0.00218633867067915,0.000893352052458717,0.000699414175505742,0.000699414175505742
0,0,0,0,0,0,0
0,0,0,0,0,0,0
0,0,0,0,0,0,0
0,0,0,0,0,0,0
0,0,0,0,0,0,0
0,0,0,0,0,0,0
0,0,0,0,0,0,0
0,0,0,0,0,0,0
6.70521393591562e-05,6.83120316508676e-05,5.15215675547203e-05,3.99777531569521e-05,2.85309950419997e-05,2.71709491653217e-05,2.66658263925255e-05
7.20700966093645e-05,7.38052388026439e-05,5.13583932810737e-05,3.55106151543236e-05,2.69338011343347e-05,2.5929712725661e-05,2.36148531816789e-05
0.000699414175505742,0.000351937433200448,0.000216791519262484,0.000135955700653844,1.72290137554118e-05,1.88361130798064e-06,8.71096318011772e-07
0.000699414175505742,0.000259238545874292,0.000113482885859313,2.70285218608451e-05,5.25204333135502e-06,3.74459949360527e-06,3.45816752465664e-06
0.000699414175505742,0.000699414175505742,0.000699414175505742,0.000699414175505742,0.000699414175505742,0.000699414175505742,0.000699414175505742
7.32986000389253e-05,7.43606169749878e-05,5.78383824090962e-05,3.46156027849988e-05,2.42905959723752e-05,2.3479878145727e-05,2.27131917051141e-05
1.94850399068e-05,1.97189840965836e-05,1.62862207996096e-05,6.69703586155682e-06,3.08853680837907e-06,2.97705892390594e-06,2.20464542245731e-06
3.04665484744822e-06,3.02271566686717e-06,2.99812988180505e-06,1.54125708210423e-06,0,0,0
0.000699414175505742,0.000699414175505742,0.000699414175505742,0.000699414175505742,0.000699414175505742,0.000699414175505742,0.000699414175505742
0.00163388339737264,0.00126468293128817,0.00103955003186711,0.000317906747244083,5.42157523200433e-05,7.32542985510259e-06,5.18726960425843e-07
3.46203605364199e-05,3.49274533218011e-05,2.95346618407692e-05,2.09058856166546e-05,1.47171942195633e-05,1.35265770490502e-05,1.31523099101617e-05
0.0078936748971084,0.00856826942240611,0.00832405280786169,0.00494122275047407,0.00131792945300524,0.000699414175505742,0.000699414175505742
0.00448733269595875,0.00272302297592735,0.00208981457965051,0.000973777868147724,0.000253850852562854,7.91870948111815e-05,4.44094064169244e-05
0.00269121996190119,0.0028664892351714,0.00261368741682508,0.00148902143766212,0.000221877120107528,0.000184560524869363,0.000134484973642375
1.95745408141324e-05,1.94385307433129e-05,1.73533014505342e-05,1.32662408626634e-05,6.77907516447971e-06,6.5809018849504e-06,6.39421095353245e-06
0.00188863790503037,0.00229725814823146,0.00134827954500836,0.00101494632194349,0.000699414175505742,0.000699414175505742,0.000699414175505742
0.00718977720790864,0.00496896697660358,0.00383820332074281,0.00135239194362333,0.000249193691379621,0.000117200308727578,8.35397038128686e-05
5.91807011495174e-06,5.83870341460127e-06,5.75922595107278e-06,2.32462090692571e-06,0,0,0
5.21103068029833e-06,5.1838949931923e-06,5.15646959241654e-06,1.53948427779543e-06,0,0,0
0,0,0,0,0,0,0
0,0,0,0,0,0,0
0,0,0,0,0,0,0
0.00150831195971208,0.00170478026156123,0.00148810358020229,0.000745794271797635,8.51723513300465e-05,3.23745219412817e-05,2.63143608889505e-05
0.000210024216001398,0.000260679326325248,0.00022087710282661,0.000248854864711387,0.00016473367084089,0.000103218378573569,9.205675756373e-05
9.29764085965691e-06,9.20321735538981e-06,8.35213201026817e-06,1.9453113937366e-06,0,0,0
0,0,0,0,0,0,0
0,0,0,0,0,0,0
0.00186582441523848,0.00251910971034314,0.00271321683097256,0.00131009996259602,0.000699414175505742,0.000699414175505742,0.000699414175505742
0.00837660079652326,0.0052248535067687,0.00411063026552602,0.00161052422768005,0.000982238317317065,0.000699414175505742,0.000699414175505742
0,0,0,0,0,0,0
0,0,0,0,0,0,0
0,0,0,0,0,0,0
0,0,0,0,0,0,0
0,0,0,0,0,0,0
0,0,0,0,0,0,0
0,0,0,0,0,0,0
0,0,0,0,0,0,0
0,0,0,0,0,0,0
0,0,0,0,0,0,0
2.3682800594061e-05,2.35765011290285e-05,1.89496114984825e-05,1.3859357161245e-05,9.21778762095044e-06,8.97306236464694e-06,8.74098366461259e-06
3.21130394064127e-05,3.23082312161216e-05,2.38108190292095e-05,1.85455434321734e-05,1.37333431228281e-05,1.34109754889663e-05,1.31048867216466e-05
2.70599192411654e-06,2.68702608197057e-06,1.95024369894723e-06,7.16278808185703e-07,0,0,0
0.003091909283226,0.00367076740816378,0.00365761344932227,0.00177076175958435,0.000699414175505742,0.000699414175505742,0.000699414175505742
8.36884120217546e-06,7.61503419100793e-06,6.27242484267358e-06,3.17440883957903e-06,1.00685671784369e-06,9.64432976880567e-07,9.24466131818954e-07
0.00261041908011123,0.0022362313649035,0.00188702318408462,0.00130453306165712,0.000179295002326937,3.82500281389976e-05,1.89653280672803e-05
0.0134728566058557,0.0148455810804569,0.0147717009300207,0.00807999058228163,0.00343928491926326,0.00226442973702992,0.00203711842402186
7.03604045066256e-05,7.61705747464272e-05,5.39970926448971e-05,2.31442722507305e-05,1.30770630158035e-05,1.18720155919197e-05,1.02370287437389e-05
0.000212402742030292,0.000247338330577215,0.000213023073880566,9.05816885795416e-05,3.33431319634939e-05,1.75424663924082e-05,1.47793054591422e-05
0.00134640550280407,0.00104205010891443,0.000863369466940988,0.000260405214690559,6.19927506057309e-05,1.83278640254283e-05,1.29473068624869e-05
0.00282384869519643,0.00316707959308969,0.00303980042712181,0.00162440739829858,0.000214317454416573,0.000109858221502231,7.55453826656756e-05
1.53021667613919e-05,1.51981252058887e-05,1.28914259614459e-05,7.90331347051071e-06,3.71430387161413e-06,3.58282839468117e-06,3.45903848242436e-06
4.02957884797562e-06,3.89727095880872e-06,3.7639499633316e-06,0,0,0,0
0,0,0,7.5410279445144e-07,2.54533112949615e-06,2.77836872050382e-06,3.77053930906281e-06
4.4155812872117e-05,4.19752097703197e-05,2.8778574691469e-05,2.13625754971319e-05,1.36129467233825e-05,1.32171602334847e-05,1.28394460977133e-05
0.00309747946045444,0.00348929184868991,0.00332352552334226,0.00173688095569381,0.000227651089705176,4.90469594225355e-05,2.9249899168534e-05
0.0086467523853231,0.00971895003426883,0.0097366535160086,0.00393062169096957,0.00103924332857732,0.000699414175505742,0.000699414175505742
4.23788961441938e-05,3.93987096060571e-05,2.54675953294435e-05,1.6679465368428e-05,1.11123862421333e-05,1.07756979020237e-05,9.73380083625668e-06
0.00461365611719197,0.00609378022535713,0.00645318383703979,0.00220473930919608,0.000333826168980194,6.62994514101708e-05,3.31865665496761e-05
0.000699414175505742,0.000219530582450521,9.34634675296868e-05,4.2318869494156e-05,1.31527227034023e-05,5.67377033928318e-06,4.80678939278447e-06
0.000122670008311403,0.000138501905967418,5.17474153509368e-05,1.64737940756651e-05,1.42188638991104e-06,1.27676654097972e-06,1.14535615405248e-06
0.000157117376589311,0.000208206097106595,0.000185899052043421,4.51954250805356e-05,4.45337799768118e-06,0,0
0.000172103375512506,0.00024937436408772,0.000268352820531282,0.000390891156228347,0.000210124315057697,0.000109704261979733,8.82657189965764e-05
0.000418490619311916,0.000707462622591995,0.000496777819413516,0.000200868357122893,4.03019888421326e-05,1.17562278417969e-05,4.11463812536382e-06
0.00422862528184558,0.00762733105107521,0.0114790573629341,0.0102820755881294,0.00241963160342786,0.00217957715737893,0.00256217099423005
0,0,0,0,0,0,0
0,0,0,0,0,0,0
0.0016039359400655,0.00194133519698808,0.00115146409616945,0.000733808217711225,0.000699414175505742,0.000699414175505742,0.000699414175505742
0.00145449385968492,0.000860852511922151,0.000520108009541672,0.000229260199940634,6.3199423009415e-05,1.14965723268689e-05,5.7830062639398e-06
0.000699414175505742,0.000279163947919531,0.000104382634006228,1.90190159911115e-05,3.27215223379827e-06,1.97070934788287e-06,1.75096047587107e-06
0,0,0,0,0,0,0
0,0,0,0,0,0,0
0,0,0,0,0,0,0
0,0,0,0,0,0,0
0.00241488617786067,0.00209975784621008,0.001882968582716,0.00085767862787976,0.000143022775975512,2.88253656977576e-05,7.78888080125019e-06
0,0,0,0,0,0,0
0.000702396855561075,0.000875835642800366,0.000992211102636977,0.000432906239595846,0.000126538088003194,3.23003476975276e-05,7.15222888439893e-06
6.1573308451694e-06,6.15561275388249e-06,4.25966697229131e-06,1.14549799834502e-06,7.54627724216686e-07,7.21993841228857e-07,0
1.25609392101134e-05,1.27900374291369e-05,1.09628832830124e-05,5.65280542732833e-06,1.37255415055537e-06,1.33221739668115e-06,1.29419422359703e-06
0,0,0,0,0,0,0
0,0,0,0,0,0,0
0,0,0,0,0,0,0
0,0,0,0,0,0,0
0,0,0,0,0,0,0
0,0,0,0,0,0,0
1.79762690432258e-05,1.79171775400621e-05,1.34802804249768e-05,7.40260544697317e-06,4.7649169881576e-06,4.61264510200078e-06,4.46722942823898e-06
2.65292126707943e-05,2.65912603404231e-05,1.86026469239769e-05,1.07985764996648e-05,7.20092190129074e-06,6.9588311061878e-06,6.72926771321628e-06
4.33844614929265e-05,4.44721650715754e-05,3.446248889703e-05,1.83183651802497e-05,8.1669116814054e-06,8.03635016722223e-06,7.91363389086226e-06
0,0,0,0,0,0,0
0.00602258296032433,0.00710775820945206,0.00705716247661773,0.00332169101250065,0.000829829714572696,0.000699414175505742,0.000699414175505742
0.000454019826196712,0.000728038401943094,0.000875525521469744,0.000409509521723117,9.19743976657058e-05,5.80860098651016e-05,1.87307845082502e-05
0.00332569962668024,0.00277814276926393,0.00242428459542298,0.0010796997869475,0.000699414175505742,0.000699414175505742,0.000699414175505742
0.00256990341434258,0.00160253725286529,0.00134543706062573,0.000509513853674825,0.000291165005380784,7.12211079809658e-05,3.24094775517439e-05
0.00280868768831582,0.00206492362562343,0.0016599339272472,0.000735250980140114,0.000152150470235837,3.73204866573549e-05,4.78552568596917e-05
0,0,0,7.24471002329472e-07,2.64730455309053e-06,1.47151307514298e-05,1.77736372137641e-05
0.0098921239182655,0.0160226125237349,0.0235511096997237,0.023102704825839,0.00560226945750968,0.00144872517040453,0.000699414175505742
4.11488032504841e-06,4.12101755599316e-06,3.12386214007954e-06,1.68460459533991e-06,0,0,0
0.000740513226074821,0.000816926318054599,0.000368284056509256,0.000173498179472036,5.21742833253833e-05,2.00724110323115e-05,1.50745223216991e-05
0.000104728032156933,0.000124860478947431,0.000131354934936359,2.23256984540748e-05,0,0,0
3.83723416631678e-05,3.86407196345703e-05,8.39219747250862e-06,2.89038716534223e-06,8.94359552134798e-07,7.92577474366437e-07,7.01458488568786e-07
0.0163454844726225,0.0189098732420462,0.0199605253612496,0.00994572803221474,0.00207262646398806,0.000699414175505742,0.000699414175505742
0,0,0,0,0,0,0
0,0,0,0,0,0,0
3.25266947837177e-05,6.02346200258079e-05,9.57378274539815e-05,0.000109015152334851,2.92341489458433e-05,6.47742075525783e-06,1.54408650028689e-06
0.00157320017915748,0.00188790915771021,0.0018201360013964,0.000351889879897118,7.23243348596774e-05,1.38467560307388e-05,3.64780111912429e-06
0.0011823911735368,0.000718908405620198,0.000426423286411816,0.000192572390875961,4.04896022367835e-05,7.03296184462171e-06,1.5366304650331e-06
3.51875944187993e-05,3.54853265114627e-05,2.38134765542249e-05,1.27326727380122e-05,8.31041407052754e-06,8.01678619646967e-06,7.74569510743331e-06
0.000101066974122183,0.000109240175809559,8.52244842163699e-05,2.84351304451551e-05,1.19660452453998e-05,1.08264213957027e-05,1.04828800876948e-05
0,0,0,0,0,0,0
1.95839365793384e-06,1.95673040706767e-06,1.08053443480219e-06,7.25713324809544e-07,0,0,0
6.78418519128363e-05,6.55877924247019e-05,3.46486427746531e-06,1.83353486547718e-06,1.20322081980667e-06,1.08150991525602e-06,9.71322008897803e-07
0,0,0,0,0,0,0
2.92474216838585e-05,2.92657051736571e-05,2.01546233899596e-05,1.32080859517669e-05,8.41591391062754e-06,8.12599227234309e-06,7.85345068365279e-06
0,0,0,0,0,0,0
0,0,0,0,0,0,0
0,0,0,0,0,0,0
0,0,0,0,0,0,0
0,0,0,0,0,0,0
0,0,0,0,0,0,0
0.00215215555915866,0.00310875287882316,0.00362909310000015,0.00132941800414519,0.000177634709296222,2.55409722854251e-05,7.838036500645e-06
0.000936607603941492,0.000461725271197126,0.00029608789162069,0.0001127693807088,3.02082664755546e-05,6.61215197999244e-06,4.47356670839378e-06
0.00802275222751069,0.00943076091499465,0.0103080364793283,0.0057834218463118,0.0010596746308075,0.000155752935499599,4.18996575982893e-05
0.00192018101674166,0.00241500351152383,0.00287996158426709,0.00200664622368502,0.000337470024418204,6.47274486434913e-05,1.96060172972521e-05
5.58278398781205e-06,5.57023151106554e-06,3.60637168812635e-06,9.30944314146329e-07,0,0,0
0.00114048316907138,0.000535524748079494,0.000410101404528982,0.000191743336153994,0.000102002002293545,1.96808129150984e-05,9.45632351565254e-06
0,0,0,0,0,0,0
0,0,0,0,0,0,0
0.000919278672458185,0.000942656113532789,0.000949981614237456,0.000736937239581105,0.000699414175505742,0.000699414175505742,9.85769625199339e-05
0.00117179557416929,0.0014165517982876,0.00171075549746125,0.00155718554825997,0.000338928134894759,7.94899815999558e-05,5.69326516509033e-05
0.000206935112247546,0.000243780566447616,0.000250166753472168,9.79749798987071e-05,1.34252472787267e-05,2.70437536957368e-06,0
0.0126600290056354,0.0125328237934591,0.0149830273904872,0.00853713712596613,0.00158839929431076,0.000237736901911105,6.76910632533453e-05
0,0,0,0,0,0,0
0.000836707546466199,0.000425948976600452,0.000265965602564472,0.000181534186009052,5.58525149555705e-05,1.36513822020056e-05,9.4690285402604e-06
0,0,0,0,0,0,0
0,0,0,0,0,0,0
0,0,0,0,0,0,0
0.00154550400118392,0.00125670004619635,0.00101973480272143,0.000308257063802339,5.70304592828002e-05,1.10723235645072e-05,4.53020563827974e-06
0.000699414175505742,0.000291858555617275,0.000122893896080532,2.35011312436567e-05,3.19812466859536e-06,1.3953324644883e-06,1.17035795371366e-06
0.00241343442330197,0.00241680809768337,0.00237814081169885,0.00119235377808306,0.000215002764261365,4.95485292909394e-05,2.28717840738619e-05
1.0867058481327e-05,1.08512411263014e-05,7.02106702420678e-06,4.09306250839715e-06,2.07804404121491e-06,2.02394267842881e-06,1.97215327693035e-06
0.00155733213148421,0.001402027558391,0.00125330682760518,0.000417472225247675,7.29369452578472e-05,1.42766146842486e-05,6.13375362445385e-06
5.16014606887e-05,5.27389890090419e-05,3.70888429652603e-05,2.00887250992828e-05,1.00253198738506e-05,1.00126625598344e-05,1.00092437274034e-05
4.01955329857228e-05,4.15539230370664e-05,2.90251340612729e-05,1.62029431934352e-05,7.30782335048113e-06,7.2413428428421e-06,7.18308233470096e-06
0,0,0,0,1.91973628279476e-06,2.45647284621633e-05,4.04156573534688e-05
0,0,0,0,7.96314719584367e-05,7.97241787782186e-05,8.12453769350945e-05
0,0,0,2.88503259209004e-06,0.00651886690710896,0.00504413737372501,0.00515807374954976
6.84324922078006e-06,6.33542825798191e-06,0,0,0,0,0
0,0,0,0,0,0,0
1.81990696420986e-05,1.80385104357015e-05,1.38810656127946e-05,7.82713656635283e-06,4.2890415494413e-06,4.11985890403733e-06,3.96415713604505e-06
3.55333796742726e-05,3.53305711212289e-05,2.80435214107442e-05,1.52381073579225e-05,1.00661861083624e-05,9.71107674318818e-06,9.38885088075739e-06
0.000699414175505742,0.000699414175505742,0.000699414175505742,0.000699414175505742,0.000699414175505742,0.000699414175505742,0.000699414175505742
0.000699414175505742,0.000241272218775089,9.88008600286892e-05,2.39065332553626e-05,6.83782190938113e-06,4.55733785494751e-06,4.27954837231352e-06
0,0,0,0,0,0,0
0,0,0,0,0,0,0
1.75557418568785e-05,1.64426216833175e-05,1.14684487132448e-06,0,0,0,0
0,0,0,0,0,0,0
0,0,0,0,0,0,0
9.0567983852155e-06,8.97487115862256e-06,6.31984810978187e-06,3.22751382287792e-06,1.67674801112276e-06,1.60544370083562e-06,1.53887613642842e-06
0.000699414175505742,0.000345299710367247,0.000172388096168192,4.9764430058472e-05,1.09711550057207e-05,4.07505752859481e-06,3.37905494500239e-06
0.00214547573846953,0.00280407583835875,0.00347693066363754,0.00263633375747724,0.000468889496100795,8.89989754565693e-05,4.19871774806399e-05
8.03954505342247e-06,8.03067117283e-06,2.97647800567708e-06,1.19190095682964e-06,7.4581691265042e-07,7.22653049763024e-07,7.02543405929546e-07
9.70797963288504e-05,0.000121488412335164,0.000122238289852719,5.65011339323252e-05,1.24549839569578e-05,0,0
0,0,0,0,0,0,0
0.000699414175505742,0.000699414175505742,0.000699414175505742,0.000699414175505742,2.83447461808251e-05,2.27547034917107e-06,1.19731135764338e-06
0.000699414175505742,0.000184598990547865,0.000101693808212905,3.61085530903165e-05,1.36628849148091e-05,4.89493749435252e-07,1.72967959917444e-08
2.40541198812267e-05,2.39897201439413e-05,1.10355566705027e-05,5.09915419178526e-06,2.35426322793372e-06,2.26439972603143e-06,2.18338913075048e-06
4.14984941426994e-05,4.16854061648933e-05,1.8457088905708e-05,1.01925171073873e-05,4.43829178023117e-06,4.28957309484337e-06,4.15415690152715e-06
3.0516124979668e-05,2.95013394054542e-05,2.77046288683635e-06,0,0,0,0
2.40508816518207e-05,2.44783680679716e-05,1.26894965655219e-05,6.24884788469068e-06,1.28709290200008e-06,1.07524753044513e-06,9.55281423549529e-07
0,0,0,0,0,0,0
0,0,0,0,0,0,0
0,0,0,0,0,0,0
0,0,0,0,0,0,0
0,0,0,0,0,0,0
0,0,0,0,0,0,0
0.00583518833114178,0.00613564346026212,0.00630431506927037,0.00361342394254156,0.000783565828610988,0.000133923077139412,3.8945570033739e-05
0.0138897672045171,0.0171998402760485,0.019872365830819,0.0123793062429668,0.00273918993487603,0.000699414175505742,0.000699414175505742
2.35697290659768e-05,2.37049512939958e-05,9.17729447977226e-06,4.72799185977636e-06,2.59681434295479e-06,2.5308665388441e-06,2.47301560088187e-06
1.1234973118853e-05,1.11895389402548e-05,5.45251058994433e-06,3.10359947339775e-06,1.07334224507824e-06,1.04328028914528e-06,1.01743474878527e-06
0.002549663471402,0.00268859418908195,0.00276340953640809,0.00154232310605393,0.000267415795536767,5.67275182084262e-05,2.29928352949061e-05
0.000983788324204983,0.00112296343962019,0.000829228874696694,0.000699414175505742,0.000699414175505742,0.000699414175505742,0.000699414175505742
0,0,0,0,0,0,0
0,0,0,0,0,0,0
0,0,0,0,0,0,0
0,0,0,0,0,0,0
0.000699414175505742,0.000245302141278951,0.000107352977423759,3.02730204420471e-05,3.92447110075455e-06,2.38359580111216e-07,1.38364209798105e-08
0.000222189081502042,0.000264636368065025,0.000180017863423621,6.53840018624258e-05,8.17759179328536e-06,0,0
1.84613337443737e-05,1.7631880590512e-05,1.51575257701207e-05,8.690055654018e-06,5.71767259641645e-06,5.52191997010185e-06,5.34556826992534e-06
4.78612319272772e-05,4.77516064389278e-05,2.83043035568994e-05,1.52724949695038e-05,1.01343398526325e-05,9.82908975167228e-06,9.5558483800567e-06
9.49591965073866e-06,1.05540223504101e-05,1.1318120479763e-05,8.19457561659804e-06,2.16135875258569e-06,0,1.61756696906095e-06
0,0,0,0,0,0,4.80326998342206e-06
5.8699206386112e-06,5.82996716861984e-06,3.64910737630537e-06,1.15852575716696e-06,7.62843936078893e-07,7.29599406745678e-07,6.99442746067904e-07
0.000262814510325409,0.000323556663201028,0.000289059047121557,0.000128621791978316,2.41914146424158e-05,5.96731696529328e-06,2.05181705750245e-06
0,0,0,0,0,0,0
0,0,0,0,0,0,0
2.20052244071234e-06,1.25085202278831e-06,0,0,0,0,0
8.32344010345412e-06,8.25702410242712e-06,6.6323759710395e-06,3.43478286948953e-06,2.23210815188367e-06,2.14173294784764e-06,2.05985560713185e-06
0,0,0,0,0,0,1.82482549695155e-06
0,0,0,0,0,0,0
0.000699414175505742,0.000330608629950737,0.000151259008699704,6.64371214735388e-05,3.24005395301448e-05,1.32500303950696e-05,9.876403333106e-06
0.000699414175505742,0.000292982512064705,0.000131438094215864,5.83922148747973e-05,6.0386506124021e-05,2.61850842102379e-05,1.8512956347421e-05
0.000486511085643091,0.000790927617150536,0.000911449451189515,0.000421754864745837,8.09125239997969e-05,1.55963511209658e-05,4.98599365442142e-06
1.46823128035932e-06,1.34090183094509e-06,0,0,0,0,0
0.00200874086591741,0.00214918801573375,0.00226937890102757,0.00129378059171323,0.000202172555450228,3.35192494185683e-05,6.52879573536889e-06
0.000727486304574243,0.000523502422107643,0.000402805656627864,0.000177979782640364,2.62413732210141e-05,2.87168741911468e-06,2.94339722417174e-07
2.15064789140175e-05,2.55252008298305e-05,8.03719922560748e-06,6.23887935242569e-06,0,0,0
0,0,0,0,0,0,0
5.46914368386701e-06,5.48554982919578e-06,1.94421744299874e-06,1.25598255563383e-06,8.02400321417188e-07,7.77784416929579e-07,7.56437055455901e-07
0.000143848553571522,0.00014622798287676,4.19009866231538e-05,1.80247433114333e-05,1.04545280746638e-05,7.75903906137653e-06,7.52344718245401e-06
0,0,0,0,0,0,0
0,0,0,0,0,0,0
0,0,0,0,0,0,0
0,0,0,0,0,0,0
2.42588349877049e-06,2.2090378030623e-06,0,0,1.09270616607752e-06,1.09497128801706e-06,9.64087384425442e-06
0,0,0,0,0,0,1.17136953037843e-05
2.87838378635492e-05,2.86627786969382e-05,8.11233728096556e-06,4.65654471411668e-06,2.96258942117238e-06,2.861107828861e-06,2.77232176274127e-06
0,0,0,0,0,0,0
0,0,0,0,0,0,0
8.40851786823941e-05,8.39278363225203e-05,2.60313163304894e-05,1.52678043681755e-05,7.98882834732824e-06,7.01485235796961e-06,6.77740250420139e-06
0.00014109881077569,0.000140892184399354,3.74746568838602e-05,2.33158561335549e-05,1.31013400223064e-05,1.1951005260214e-05,1.15653576346093e-05
0.000699414175505742,0.000147434205306198,3.99743116285199e-05,1.15533584651451e-05,6.96352198626368e-06,3.26386257140369e-07,1.49011595178513e-08
0.000699414175505742,0.000138980120484269,7.38374049676659e-05,3.13922795911349e-05,1.18293635396579e-05,1.46151164571673e-06,3.91372185391297e-07
0,0,0,0,0,0,0
0,0,0,0,0,0,0
0,0,0,0,0,0,0
0,0,0,0,0,0,0
0,0,0,0,0.000147344481285713,0.00132332958887439,0.000868994170073393
6.09240462689251e-05,6.02435685788591e-05,2.68533753358776e-05,1.7479992585714e-05,8.31599583596438e-06,8.05192682796248e-06,7.80992660658142e-06
7.30210034697487e-05,7.27666030568291e-05,1.60333622596188e-05,8.72746230066908e-06,5.07069043190201e-06,4.89353416226839e-06,4.73832311698514e-06
0.000125395568604413,0.000138438726006502,8.37152151954353e-05,2.15382658488586e-05,3.63127191203104e-06,0,0
0.000124410651304564,0.000133870662789496,4.39094487206793e-05,1.33711467850926e-05,3.25187944095249e-06,0,0
0,0,0,0,0,0,0
0,0,0,0,0,0,0
0,0,0,0,0,0,0
0,0,0,0,0,0,0
5.15063845569362e-05,5.07625625933534e-05,1.51638837820093e-05,7.29392706772537e-06,5.06894590319924e-06,3.75958093181208e-06,3.63398840169294e-06
9.03371816085232e-05,9.11156143557485e-05,1.67232665297624e-05,7.05888926826321e-06,4.29384514238124e-06,2.06456295461538e-06,2.00069256792552e-06
0,0,0,0,0,0,0
0,0,0,0,0,0,0
8.83886683906274e-05,8.94100511180318e-05,1.64456189195573e-05,6.54011559571339e-06,3.78158129422338e-06,7.30748058551045e-07,7.08316900934694e-07
0.00046224113805542,0.000497352137094923,0.000425989584631341,0.000230097545088406,8.7568934918797e-05,1.98902452893802e-05,1.50570796270953e-05
0,0,0,0,0,0,0
0,0,0,0,0,0,0
4.79646726977032e-05,6.92905885682866e-05,6.70760137246159e-05,3.45813535723607e-05,6.60581818775473e-06,0,0
0.000299550308254376,0.000327152969379627,0.000304683067117525,0.000157358036908981,4.76127799853825e-05,1.46320553725482e-05,8.0486275226499e-06
0.000169997317235531,0.000212645532574257,0.000208439365108156,0.000112958728838788,3.13845412612828e-05,6.06805291429213e-06,2.08597367118445e-06
6.67170281280968e-06,6.60983983815555e-06,5.72547002542054e-06,3.47788307269906e-06,2.30573030284913e-06,2.21436918784087e-06,2.13164625298685e-06
1.28485970628129e-05,1.27126303405991e-05,8.05869069455054e-06,5.0064731071802e-06,3.39336252570286e-06,3.27538272792148e-06,3.1690350833678e-06
9.10618382550382e-06,9.08598923314339e-06,4.83178435237008e-06,2.99946196622557e-06,1.26758237835685e-06,1.22819062089101e-06,1.19399091804804e-06
5.4475819108605e-06,5.41174907002296e-06,4.46120153515938e-06,2.68278905164976e-06,1.27646015990178e-06,1.22081447662141e-06,1.17032732411033e-06
7.72985612597626e-07,7.84853287098138e-07,7.9669592146877e-07,0,0,0,0
9.8205195130137e-06,9.83083875090382e-06,3.23516609768719e-06,2.32430565088504e-06,1.64753985784732e-06,1.59734871084445e-06,1.55384752277057e-06
7.1856206094405e-05,7.17885067321481e-05,2.52617008762356e-05,1.65649658168284e-05,8.65786602515068e-06,8.37366338217544e-06,8.11658616118828e-06
1.91991365170365e-05,2.23168745688675e-05,8.55020169990588e-06,4.62336616645244e-06,0,0,0
0,0,0,0,0,0,0
0,0,0,0,0,0,0
0,0,0,0,0,0,0
3.64741464791432e-06,3.75964471848833e-06,0,0,0,0,0
0,0,0,0,0,0,0
0.000200020186157542,0.000200764710524794,5.59500052808902e-05,3.43862806860549e-05,2.20923263825534e-05,2.06218562282893e-05,1.99687321629584e-05
8.45454120129365e-05,9.09281243928331e-05,6.55956363162987e-05,3.57328707917521e-05,7.79620825287397e-06,0,0
3.17665851492828e-05,3.40819754633443e-05,2.66917345731867e-05,6.05431725080766e-06,9.30074502160187e-07,0,0
0.000699414175505742,0.000271915702867386,0.000104418907202578,3.4678923330094e-05,1.41498179757188e-05,1.15696543861411e-05,1.09967500382751e-05
0.000699414175505742,0.000148840066843554,3.71887717826515e-05,1.17260470263172e-05,5.84590773845801e-06,5.31994107217323e-06,5.12109214352582e-06
1.21438089494093e-05,1.19657484591334e-05,4.64351367449923e-06,3.05295758775098e-06,1.57404814714862e-06,1.52334391876086e-06,1.4777982321877e-06
0,0,0,0,0,0,0
0,0,0,0,0,0,0
0,0,0,0,0,0,0
8.33590747688287e-05,8.4628357737545e-05,1.65791150681205e-05,7.3884241587605e-06,3.62574457957049e-06,0,0
0,0,0,0,0,0,6.41904861652761e-06
0,0,0,0,0.000147354103728413,0.00132338923732492,0.000878864469086696
9.7966433632661e-05,0.000104668693043546,6.29343205915306e-05,1.62639093444736e-05,2.29827870342718e-06,0,0
0,0,0,0,0,0,0
9.18205663833635e-05,9.52303657052078e-05,2.21636588927321e-05,1.30483745077907e-05,5.53278028592927e-06,0,0
0,0,0,0,0,0,0
5.16633575636887e-06,5.13606006362599e-06,3.76082783923019e-06,2.31558829576646e-06,8.49370455748288e-07,8.19150343280661e-07,7.92641013954353e-07
5.45330151222105e-05,5.4283169476813e-05,1.67848815274859e-05,9.21342731822024e-06,5.06493609604034e-06,4.89227495130826e-06,4.74126681246849e-06
4.44811742679537e-05,4.43067900383378e-05,1.43845588120434e-05,9.23277096608015e-06,5.85982769013468e-06,5.65748399884915e-06,5.48035187910913e-06
1.08394121544224e-05,1.07983835044365e-05,5.48905772735447e-06,3.44688630008909e-06,2.13965584894471e-06,2.06572586424075e-06,2.00100456853798e-06
0,0,0,0.0465140007882312,0.226920412307455,0.316984088167575,0.416950815483877
0.000125719920765976,0.000132406027052175,6.38912416603253e-05,2.44149043478248e-05,8.15212611757989e-06,0,0
3.27525940356918e-06,3.24948041524467e-06,3.22294493410954e-06,1.55655363893054e-06,1.05513228137107e-06,1.00991935102516e-06,9.68912989369962e-07
5.17673022753533e-06,5.12500297262504e-06,3.54307200793974e-06,2.2839956399445e-06,1.60490322842327e-06,1.56533269091288e-06,1.53038542711453e-06
0,0,0,0.56415024814467,1,1,1
0,0,0,0,0,0,0
1.04432565561253e-06,1.06510555131755e-06,1.08596837652624e-06,7.42559057984343e-07,0,0,0
7.89253866471519e-06,7.89377153273632e-06,2.81290467945555e-06,1.91575457696422e-06,1.28981391046558e-06,1.24751472000658e-06,1.21062806689401e-06
0,0,0,0,0,0,0
0,0,0,0,0,0,0
0,0,0,0,0,0,0
0,0,0,0,0,0,0
0,0,0,0,0,0,0
0,0,0,0,0,0,0
0.000143158776043855,0.0001424821702851,3.44877494213201e-05,1.9738640142197e-05,1.12398102720736e-05,1.08377775251439e-05,9.80695650473332e-06
0,0,0,0,0,0,0
1.72360239972819e-05,1.69900701102569e-05,3.67114586582177e-06,2.48325167629072e-06,1.84991066998948e-06,8.68712806763362e-07,8.44533913646368e-07
0,0,0,0,0,0,0
0,0,0,0,0,0,0
0,0,0,0,0,0,0
0,0,0,0,0,0,0
0,0,0,0,0,0,0
6.09046925498959e-05,6.25833411601154e-05,1.61928032015182e-05,9.24281618899742e-06,3.31988713498506e-06,0,0
8.46656619266461e-05,8.65236743442533e-05,1.98067596082215e-05,8.6992918427648e-06,2.71494851515156e-06,0,0
0,0,0,0,0,0,0
4.76399042639595e-05,4.72758992194102e-05,5.23196544991207e-06,1.40786796143789e-06,1.03104605340293e-06,0,0
2.19098114552447e-05,2.1533926313159e-05,3.59676137870014e-06,1.74206578227994e-06,1.27968973509791e-06,0,0
3.46261840604447e-05,3.38579769827816e-05,6.69168008020151e-06,2.63258531861161e-06,1.88473141103409e-06,0,0
0.000699414175505742,0.000184811923263111,5.25015550813827e-05,1.65125690549894e-05,7.33758630390422e-06,6.52091671804992e-06,6.26408964296235e-06
0.000699414175505742,0.000699414175505742,0.000699414175505742,0.000699414175505742,0.000699414175505742,0.000699414175505742,0.000699414175505742
0,0,0,0,0,0,1.8558717510513e-06
0,0,0,0,4.5602072562291e-05,0.000126805449475522,0.000162620538808119
3.32101586139265e-05,3.30342645082466e-05,1.95524049867955e-05,1.26443659651153e-05,8.08631053545988e-06,7.802389112436e-06,7.55355212444686e-06
8.55564793199404e-06,8.5082662394049e-06,5.75397129249232e-06,3.67565339113536e-06,2.32178143102238e-06,2.23746585824534e-06,2.16340373348412e-06
0,0,0,0,0,0,0
0,0,0,0,0,0,0
0,0,0,0,0,0,0
1.15643988318433e-05,1.12187453706286e-05,8.25450911564556e-07,0,0,0,0
1.71522782431914e-06,1.72177213796416e-06,1.72775180080397e-06,1.13227947739266e-06,8.08571753063705e-07,8.07208631327173e-07,8.07640933723118e-07
0,0,0,0.0138371897708162,0.041992457879684,0.0568329279689633,0.0640171979834001
8.1736884998094e-07,7.94742108909808e-07,0,0,0,0,0
5.05510231588181e-06,5.16701186895724e-06,3.12918602502801e-06,1.33602820472512e-06,9.00596858138517e-07,9.07431674152441e-07,9.16218392611429e-07
4.67873593478225e-06,4.65467891062858e-06,2.78304909664383e-06,1.82381229018997e-06,1.18201273242423e-06,1.14323165388927e-06,1.10941183469046e-06
1.90124009610337e-06,1.89299923338708e-06,1.88432374846753e-06,0,0,0,0
1.32933496601357e-05,1.32570469744682e-05,4.38592910780554e-06,2.82842810340871e-06,1.80379910492495e-06,1.73971036982501e-06,1.68349618370405e-06
4.26101321812198e-05,4.24306426968407e-05,1.1528200372852e-05,7.45357827047163e-06,4.76570239396096e-06,4.59840832025865e-06,4.45178938496418e-06
0,0,0,0,0,0,0
0,0,0,0,0,0,0
0,0,0,0,0,0,0
0,0,0,0,0,0,0
0,0,0,0,0,0,0
0,0,0,0,0,0,0
0,0,0,0,0,0,0
0,0,0,0,0,0,0
0,0,0,0,0,0,0
0,0,0,0,0,0,0
0,0,0,0,0,0,0
0,0,0,0,0,0,0
0,0,0,0,0,0,0
0,0,0,0,0,0,0
0,0,0,0,0,0,0
0,0,0,0,0,0,0
0,0,0,0,0,0,0
0,0,0,0,0,0,0
1.17530471539891e-06,1.21057622881479e-06,1.24636468981143e-06,7.94329581308525e-07,0,0,0
0,0,0,0,0,0,0
1.38680660284242e-05,1.36253933025101e-05,2.30713079423763e-06,1.49171544230111e-06,1.0734098139898e-06,0,0
8.77733653241415e-06,8.96475467380624e-06,2.89652935961111e-06,1.84287969036045e-06,0,0,0
4.73650093433807e-06,4.6773078960399e-06,9.77131979971334e-07,0,0,0,0
0,0,0,0.0141721951434389,0.0944034248072411,0.148905583869296,0.190149519704174
0,0,0,0.262808774485499,0.874604808161411,1,1
0,0,0,0,0,0,0
0,0,0,0,0,0,0
5.47813786916023e-05,5.45407158947247e-05,2.7616353620699e-05,1.79491428396157e-05,1.15369676552394e-05,1.11448357498608e-05,1.08019537822111e-05
6.85388171876395e-05,6.82412859931004e-05,2.09105176051771e-05,1.35372193053716e-05,8.66662069658569e-06,8.36649818869604e-06,8.103716417006e-06
1.62098215553777e-05,1.61138471737334e-05,1.16678616250339e-05,7.50681947206151e-06,4.77597671643014e-06,4.60807652988007e-06,4.46091188852004e-06
5.34087929375648e-06,5.31217207122263e-06,4.27190399243297e-06,2.73617960705859e-06,1.7330308695854e-06,1.67165374228557e-06,1.6178297734347e-06
3.81171789731364e-06,3.81698220752655e-06,1.98148829298063e-06,1.24962716303451e-06,7.79160082675512e-07,7.51037548751675e-07,7.26344866201565e-07
1.33043706142929e-06,1.32602903787168e-06,1.32138556200923e-06,8.35236723667292e-07,0,0,0
2.14046816719067e-06,2.15353235901837e-06,2.16608189074759e-06,7.56217784039477e-07,0,0,0
4.76746853653422e-06,5.90517636593004e-06,2.73137783935274e-06,1.76090871812272e-06,0,0,0
3.64776290922674e-06,3.79353106563497e-06,2.70675532420442e-06,1.06994252460829e-06,7.18937746900223e-07,7.35889202800409e-07,7.54570948794787e-07
8.8120004219047e-06,8.78728626094308e-06,5.89933291401354e-06,3.77408561022801e-06,2.38752180378422e-06,2.31530166687633e-06,2.25274801530313e-06
4.22589034403619e-06,4.20665352664337e-06,4.18671400666301e-06,2.67065724440427e-06,1.68454659199047e-06,1.62823410294665e-06,1.5790550289328e-06
6.46362849711193e-05,6.46243703972612e-05,9.72629811446527e-06,2.51095222802964e-06,1.79778426983086e-06,0,0
0,0,0,0,0,0,0
0,0,0,0,0,0,0
0.000733172557126172,0.000526008272176508,0.00035973099320136,0.000133419040711551,1.72657531486956e-05,2.02496178493276e-06,2.2041057999545e-07
0,0,0,0,0,0,0
0.000699414175505742,0.00040305694429561,0.000228955788169927,6.8483994280193e-05,8.67421451789579e-06,8.60826410348033e-07,7.99485252206649e-08
2.30840001828207e-05,2.23413949073552e-05,2.62863033634612e-06,2.24078664179574e-06,0,0,0
8.73637204875595e-06,8.55773462282172e-06,1.60857398620692e-06,1.04259377990481e-06,7.52050446892212e-07,0,0
3.67602592116991e-05,3.5846405321534e-05,1.4966839854488e-06,9.70755817333554e-07,7.00721002344133e-07,0,0
0,0,0,0,0,0,0
0,0,0,0,0.00160404320195967,0.00228651011263962,0.00264759358917992
0,0,0,0,0,0,0
0,0,0,0,4.55918146588248e-05,0.000128837662530477,0.000160061178322791
0,0,0,0,3.07681890190903e-05,0.000213607256003409,0.000463489727096394
0,0,0,0,0,0,0
0,0,0,0,0,0,0
0,0,0,0,0,0,0
0,0,0,0,0,0,0
1.06043263633024e-06,1.01729883666412e-06,0,0,0,0,0
0,0,0,0,0,0,0
2.54306564173461e-06,2.53101900010975e-06,2.51855410098886e-06,1.60315373631377e-06,1.00904999410334e-06,9.73230031017127e-07,9.41813221943569e-07
0,0,0,0,0,0,0
0,0,0,0,0,0,0
9.89356961312768e-07,1.01651530918782e-06,0,0,0,0,0
0.000699414175505742,0.00048467564703196,0.000327531987421862,0.00012187575356324,1.6576504727358e-05,1.898567373253e-06,2.02063938741167e-07
1.33636616207896e-06,1.33173795642863e-06,1.3268747882352e-06,8.38397454710966e-07,0,0,0
0,0,0,0,0,0,0
0,0,0,0,0,0,0
5.04898942696287e-06,4.98568608956096e-06,3.48520606179324e-06,2.16140098162316e-06,7.64537767663586e-07,7.36174710848554e-07,7.11227525176976e-07
0,0,0,0,0,0,0
0,0,0,0,0,0,0
0,0,0,0,0,1.70196503923189e-06,2.31634715299181e-06
2.87871735136131e-06,2.87732003751631e-06,2.87536792476368e-06,1.83557747477639e-06,1.15872222953073e-06,1.12112914115098e-06,1.08837436916699e-06
1.75826038703453e-06,1.75666145000317e-06,1.75472698778524e-06,1.11425989953266e-06,6.99634332125233e-07,0,0
0.00113382473910381,0.00134960158005263,0.00156626113209829,0.0013438100751258,0.000231692633618809,3.69513665205351e-05,5.46388453943356e-06
2.71943221141446e-05,2.92279157295439e-05,1.97606248096439e-05,1.6883842658037e-05,3.76469995061611e-06,0,0
0,0,0,0,0,0,0
0,0,0,0,0,0,0
0,0,0,0,0,0,0
0,0,0,0,0,0,0
0,0,0,0,0,0,0
0,0,0,0,0,0,0
0,0,0,0,0,0,0
0,0,0,0,0,0,0
0,0,0,0,0,0,0
1.12175697274752e-06,1.08277990322352e-06,0,0,0,0,0
0,0,0,0,0,0,0
0,0,0,0,0,0,0
0,0,0,0,0,0,0
0,0,0,0,0,0,0
0,0,0,0,0,0,0
0,0,0,0,0,0,0
4.00414043475865e-06,3.99720415574116e-06,3.12621244431765e-06,1.99968927387355e-06,1.26485167661746e-06,1.25177915574834e-06,1.24280232292479e-06
3.42868852352483e-06,3.43706083450382e-06,3.44475588612515e-06,2.20773643717422e-06,1.39918382419554e-06,1.38415008386251e-06,1.37364970385437e-06
0,0,0,0,0,0,0
0,0,0,0,0,6.37593051741575e-06,8.63079723995713e-06
2.69533269767898e-05,2.69404964028516e-05,3.46184569240947e-06,2.95026882922968e-06,0,0,0
2.42907078914368e-05,2.71610853991888e-05,2.03764707324717e-05,1.7391813030697e-05,3.87392750813685e-06,0,0
7.44047201127156e-07,7.39504996255614e-07,0,0,0,0,0
4.61489328662198e-06,4.59403043024066e-06,3.83727172814169e-06,1.83753380865894e-06,1.15438301812266e-06,1.11191034272173e-06,1.07457171419056e-06
0,0,0,0,0,0,0
2.65685071191759e-06,2.64106215057412e-06,2.62476755361856e-06,1.04915303701985e-06,0,0,0
4.58150385616882e-06,4.45972367587024e-06,0,0,0,0,0
0,0,0,0,0,0,0
1.62217679736199e-06,1.62249744462812e-06,1.62250297169611e-06,1.02819522340092e-06,0,0,0
4.52589855582522e-06,4.55446873870694e-06,3.80767768803859e-06,2.44222969513314e-06,1.54899990400257e-06,1.53421332939078e-06,1.52437591019454e-06
8.68083879709279e-07,8.66087533327657e-07,0,0,0,0,0
0,0,0,0,0,0,0
0,0,0,0,0,0,0
6.20302543503767e-06,6.69238508154578e-06,4.20734642176173e-06,3.58740764735439e-06,0,0,0
0,0,0,0,0,2.39976141706573e-06,3.26014457010247e-06
0,0,0,0,0,0,0
0,0,0,0,0,0,0
0,0,0,0,0,0,0
8.03695744174786e-07,7.98787359946422e-07,0,0,0,0,0
0,0,0,0,0,0,0
0,0,0,0,0,0,0
0,0,0,0,0,0,0
0,0,0,0,0,0,0
0,0,0,0,0,0,0
0,0,0,0,0,0,0
0,0,0,0,0,0,0
0,0,0,0,0,0,0
0,0,0,0,0,0,0
0,0,0,0,0,0,0
0,0,0,0,0,0,0
0,0,0,0,0,0,0
0,0,0,0,0,0,0
0,0,0,0,0,0,0
0,0,0,0,0,0,0
2.42881662945232e-06,2.41170724276994e-06,2.39418792898553e-06,1.01828740213238e-06,0,0,0
1.3566531429222e-06,1.3755629393777e-06,1.3943783043665e-06,8.91897090692229e-07,0,0,0
2.46967446331292e-06,2.51454823853518e-06,2.55942993888537e-06,1.64279805887076e-06,1.04272968255974e-06,1.04526033316675e-06,1.05094289787325e-06
2.7883154449697e-06,2.80153115927639e-06,2.81421082875817e-06,1.79444650564314e-06,1.13140146650026e-06,1.12501758443616e-06,1.12216192435355e-06
0,0,0,0,0,0,0
0,0,0,0,0,0,0
0,0,0,0,0,0,0
8.49390330108519e-07,8.4735006452258e-07,8.45154218643812e-07,0,0,0,0
7.63827210337696e-07,7.62057625780677e-07,7.60147736297566e-07,0,0,0,0
0,0,0,0,0,0,0
0,0,0,0,0,0,0
0,0,0,0,0,0,0
0,0,0,0,0,0,0
0,0,0,0,0,0,0
0,0,0,0,0,0,0
0,0,0,0,0,0,0
8.73423085539938e-07,8.36443147681044e-07,0,0,0,0,0
0,0,0,0,0,0,0
0,0,0,0,0,0,0
0,0,0,0,0,0,0
0,0,0,0,0,0,0
0,0,0,0,0,0,0
0,0,0,0,0,0,0
0,0,0,0,0,0,0
0,0,0,0,0,0,0
0,0,0,0,0,0,0
0,0,0,0,0,0,0
0,0,0,0,0,0,0
0,0,0,0,0,0,0
0,0,0,0,0,0,0
0,0,0,0,0,0,0
7.27540816302659e-07,7.25686452567338e-07,7.23699475502927e-07,0,0,0,0
0,0,0,0,0,0,0
1.10616173210503e-06,1.10770127881243e-06,1.10902487078175e-06,7.03176465629107e-07,0,0,0
1.1537742868797e-06,1.17302506867709e-06,1.19226345996421e-06,7.5954424019247e-07,0,0,0
0,0,0,0,0,0,0
0,0,0,0,0,0,0
0,0,0,0,0,0,0
0,0,0,0,0,0,0
0,0,0,0,0,0,0
0,0,0,0,0,0,0
0,0,0,0,0,0,0
0,0,0,0,0,0,0
0,0,0,0,0,0,0
0,0,0,0,0,0,0
0,0,0,0,0,0,0
0,0,0,0,0,0,0
0,0,0,0,0,0,0
0,0,0,0,0,0,0
0,0,0,0,0,0,0
0,0,0,0,0,0,0
0,0,0,0,0,0,0
0,0,0,0,0,0,0
0,0,0,0,0,0,0
0,0,0,0,0,0,0
0,0,0,0,0,0,0
0,0,0,0,0,0,0
0,0,0,0,0,0,0
0,0,0,0,0,0,0
0,0,0,0,0,0,0
0,0,0,0,0,0,0
0,0,0,0,0,0,0
0,0,0,0,0,0,0
0,0,0,0,0,0,0
0,0,0,0,0,0,0
0,0,0,0,0,0,0
0,0,0,0,0,0,0
0,0,0,0,0,0,0
0,0,0,0,0,0,0
0,0,0,0,0,0,0
0,0,0,0,0,0,0
0,0,0,0,0,0,0
0,0,0,0,0,0,0
0,0,0,0,0,0,0
0,0,0,0,0,0,0
0,0,0,0,0,0,0
0,0,0,0,0,0,0
0,2.2041319280603e-06,9.94435804990781e-07,7.66900620128943e-07,0,0,0
0,0,0,0,0,0,0
0,0,0,0,0,0,0
0,0,0,0,0,0,0
0,0,0,0,0,0,0
0,0,0,0,0,0,0
0,0,0,0,0,0,0
0,0,0,0,0,0,0
0,0,0,0,0,0,0
0,0,0,0,0,0,0
0,0,0,0,0,0,0
0,0,0,0,0,0,0
0,0,0,0,0,0,0
0,0,0,0,0,0,0
0,0,0,0,0,0,0
0,0,8.05287979302568e-07,0,0,0,0
0,0,0,0,0,0,0
0,0,0,0,0,0,0
0,0,0,0,0,0,0
0,0,0,0,0,0,0
0,0,0,0,0,0,0
0,0,0,0,0,0,0
0,0,0,0,0,0,0
0,0,0,0,0,0,0
0,0,0,0,0,0,0
0,0,0,0,0,0,0
0,0,0,0,0,0,0
0,0,0,0,0,0,0
0,0,0,0,0,0,0
0,0,0,0,0,0,0
8.85683286891464e-07,8.85396061651216e-07,8.84938060696286e-07,0,0,0,0
0,0,0,0,0,0,0
0,0,0,0,0,0,0
0,0,0,0,0,0,0
0,0,0,0,0,0,0
0,0,0,0,0,0,0
0,0,0,0,0,0,0
0,0,0,0,0,0,0
0,0,0,0,0,0,0
0,0,0,0,0,0,0
0,0,0,0,0,0,0
0,0,0,0,0,0,0
0,0,0,0,0,0,0
0,0,0,0,0,0,0
0,0,0,0,0,0,0
0,0,0,0,0,0,0
1.71852073325771e-06,1.70911696704266e-06,1.6994438279066e-06,1.06548912969386e-06,0,0,0
0,0,0,0,0,0,0
0,0,0,0,0,0,0
0,0,0,0,0,0,0
0,0,0,0,0,0,0
1.63157509702278e-06,1.625723053027e-06,1.61958563505527e-06,1.03350215927368e-06,0,0,0
0,0,0,0,0,0,0
0,0,0,0,0,0,0
0,0,0,0,0,0,0
0,0,0,0,0,0,0
0,0,0,0,0,0,0
0,0,0,0,0,0,0
0,0,0,0,0,0,0
0,0,0,0,0,0,0
0,0,0,0,0,0,0
0,0,0,0,0,0,0
0,0,0,0,0,0,0
0,0,0,0,0,0,0
0,0,0,0,0,0,0
0,0,0,0,0,0,0
0,0,0,0,0,0,0
1.49327597160011e-06,1.48556644207965e-06,1.47761784443147e-06,9.24215714566822e-07,0,0,0
0,0,0,0,0,0,0
0,0,0,0,0,0,0
0,0,0,0,0,0,0
7.38690489256398e-07,7.35447148246712e-07,7.32079845324283e-07,0,0,0,0
0,0,0,0,0,0,0
0,0,0,0,0,0,0
0,0,0,0,0,0,0
0,0,0,0,0,0,0
0,0,0,0,0,0,0
0,0,0,0,0,0,0
0,0,0,0,0,0,0
0,0,0,0,0,0,0
0,0,0,0,0,0,0
0,0,0,0,0,0,0
0,0,0,0,0,0,0
0,0,0,0,0,0,0
0,0,0,0,0,0,0
0,0,0,0,0,0,0
0,0,0,0,0,0,0
0,0,0,0,0,0,0
0,0,0,0,0,0,0
0,0,0,0,0,0,0
0,0,0,0,0,0,0
0,0,0,0,0,0,0
0,0,0,0,0,0,0
0,0,0,0,0,0,0
0,0,0,0,0,0,0
0,0,0,0,0,0,0
0,0,0,0,0,0,0
0,0,0,0,0,0,0
0,0,0,0,0,0,0
0,0,0,0,0,0,0
0,0,0,0,0,0,0
0,0,0,0,0,0,0
0,0,0,0,0,0,0
0,0,0,0,0,0,0
0,0,0,0,0,0,0
0,0,0,0,0,0,0
0,0,0,0,0,0,0
0,0,0,0,0,0,0
0,0,0,0,0,0,0
0,0,0,0,0,0,0
0,0,0,0,0,0,0
0,0,0,0,0,0,0
0,0,0,0,0,0,0
0,0,0,0,0,0,0
0,0,0,0,0,0,0
0,0,0,0,0,0,0
0,0,0,0,0,0,0
0,0,0,0,0,0,0
0,0,0,0,0,0,0
0,0,0,0,0,0,0
0,0,0,0,0,0,0
0,0,0,0,0,0,0
0,0,0,0,0,0,0
0,0,0,0,0,0,0
0,0,0,0,0,0,0
0,0,0,0,0,0,0
0,0,0,0,0,0,0
0,0,0,0,0,0,0
0,0,0,0,0,0,0
0,0,0,0,0,0,0
0,0,0,0,0,0,0
0,0,0,0,0,0,0
0,0,0,0,0,0,0
0,0,0,0,0,0,0
0,0,0,0,0,0,0
0,0,0,0,0,0,0
0,0,0,0,0,0,0
0,0,0,0,0,0,0
0,0,0,0,0,0,0
0,0,0,0,0,0,0
0,0,0,0,0,0,0
0,0,0,0,0,0,0
0,0,0,0,0,0,0
0,0,0,0,0,0,0
0,0,0,0,0,0,0
0,0,0,0,0,0,0
0,0,0,0,0,0,0
0,0,0,0,0,0,0
0,0,0,0,0,0,0
0,0,0,0,0,0,0
0,0,0,0,0,0,0
0,0,0,0,0,0,0
0,0,0,0,0,0,0
0,0,0,0,0,0,0
0,0,0,0,0,0,0
0,0,0,0,0,0,0
0,0,0,0,0,0,0
0,0,0,0,0,0,0
0,0,0,0,0,0,0
0,0,0,0,0,0,0
0,0,0,0,0,0,0
0,0,0,0,0,0,0
0,0,0,0,0,0,0
0,0,0,0,0,0,0
0,0,0,0,0,0,0
0,0,0,0,0,0,0
0,0,0,0,0,0,0
0,0,0,0,0,0,0
0,0,0,0,0,0,0
0,0,0,0,0,0,0
0,0,0,0,0,0,0
0,0,0,0,0,0,0
0,0,0,0,0,0,0
0,0,0,0,0,0,0
0,0,0,0,0,0,0
0,0,0,0,0,0,0
0,0,0,0,0,0,0
0,0,0,0,0,0,0
0,0,0,0,0,0,0
0,0,0,0,0,0,0
0,0,0,0,0,0,0
0,0,0,0,0,0,0
0,0,0,0,0,0,0
0,0,0,0,0,0,0
0,0,0,0,0,0,0
0,0,0,0,0,0,0
0,0,0,0,0,0,0
0,0,0,0,0,0,0
0,0,0,0,0,0,0
0,0,0,0,0,0,0
0,0,0,0,0,0,0
0,0,0,0,0,0,0
0,0,0,0,0,0,0
0,0,0,0,0,0,0
0,0,0,0,0,0,0
0,0,0,0,0,0,0
0,0,0,0,0,0,0
0,0,0,0,0,0,0
0,0,0,0,0,0,0
0,0,0,0,0,0,0
0,0,0,0,0,0,0
0,0,0,0,0,0,0
0,0,0,0,0,0,0
0,0,0,0,0,0,0
0,0,0,0,0,0,0
0,0,0,0,0,0,0
0,0,0,0,0,0,0
0,0,0,0,0,0,0
0,0,0,0,0,0,0
0,0,0,0,0,0,0
0,0,0,0,0,0,0
0,0,0,0,0,0,0
0,0,0,0,0,0,0
0,0,0,0,0,0,0
0,0,0,0,0,0,0
0,0,0,0,0,0,0
0,0,0,0,0,0,0
0,0,0,0,0,0,0
0,0,0,0,0,0,0
0,0,0,0,0,0,0
0,0,0,0,0,0,0
0,0,0,0,0,0,0
0,0,0,0,0,0,0
0,0,0,0,0,0,0
0,0,0,0,0,0,0
0,0,0,0,0,0,0
0,0,0,0,0,0,0
0,0,0,0,0,0,0
0,0,0,0,0,0,0
0,0,0,0,0,0,0
0,0,0,0,0,0,0
0,0,0,0,0,0,0
0,0,0,0,0,0,0
0,0,0,0,0,0,0
0,0,0,0,0,0,0
0,0,0,0,0,0,0
0,0,0,0,0,0,0
0,0,0,0,0,0,0
0,0,0,0,0,0,0
0,0,0,0,0,0,0
0,0,0,0,0,0,0
0,0,0,0,0,0,0
0,0,0,0,0,0,0
0,0,0,0,0,0,0
0,0,0,0,0,0,0
0,0,0,0,0,0,0
0,0,0,0,0,0,0
0,0,0,0,0,0,0
0,0,0,0,0,0,0
0,0,0,0,0,0,0
0,0,0,0,0,0,0
0,0,0,0,0,0,0
0,0,0,0,0,0,0
0,0,0,0,0,0,0
0,0,0,0,0,0,0
0,0,0,0,0,0,0
0,0,0,0,0,0,0
0,0,0,0,0,0,0
0,0,0,0,0,0,0
0,0,0,0,0,0,0
0,0,0,0,0,0,0
0,0,0,0,0,0,0
0,0,0,0,0,0,0
0,0,0,0,0,0,0
0,0,0,0,0,0,0
0,0,0,0,0,0,0
0,0,0,0,0,0,0
0,0,0,0,0,0,0
0,0,0,0,0,0,0
0,0,0,0,0,0,0
0,0,0,0,0,0,0
0,0,0,0,0,0,0
0,0,0,0,0,0,0
0,0,0,0,0,0,0
0,0,0,0,0,0,0
0,0,0,0,0,0,0
0,0,0,0,0,0,0
0,0,0,0,0,0,0
0,0,0,0,0,0,0
0,0,0,0,0,0,0
0,0,0,0,0,0,0
0,0,0,0,0,0,0
0,0,0,0,0,0,0
0,0,0,0,0,0,0
0,0,0,0,0,0,0
0,0,0,0,0,0,0
0,0,0,0,0,0,0
0,0,0,0,0,0,0
0,0,0,0,0,0,0
0,0,0,0,0,0,0
0,0,0,0,0,0,0
0,0,0,0,0,0,0
0,0,0,0,0,0,0
0,0,0,0,0,0,0
0,0,0,0,0,0,0
0,0,0,0,0,0,0
0,0,0,0,0,0,0
0,0,0,0,0,0,0
0,0,0,0,0,0,0
0,0,0,0,0,0,0
0,0,0,0,0,0,0
0,0,0,0,0,0,0
0,0,0,0,0,0,0
0,0,0,0,0,0,0
0,0,0,0,0,0,0
0,0,0,0,0,0,0
0,0,0,0,0,0,0
0,0,0,0,0,0,0
0,0,0,0,0,0,0
0,0,0,0,0,0,0
0,0,0,0,0,0,0
0,0,0,0,0,0,0
0,0,0,0,0,0,0
0,0,0,0,0,0,0
0,0,0,0,0,0,0
0,0,0,0,0,0,0
0,0,0,0,0,0,0
0,0,0,0,0,0,0
0,0,0,0,0,0,0
0,0,0,0,0,0,0
0,0,0,0,0,0,0
0,0,0,0,0,0,0
0,0,0,0,0,0,0
0,0,0,0,0,0,0
0,0,0,0,0,0,0
0,0,0,0,0,0,0
0.000321383878234873,0.000711813538305901,0.000287497829061446,0.000284787648783362,5.54505134721143e-05,2.38288071385338e-05,1.67407963077945e-05
0.000297751292194641,0.000735913908090169,0.000297892451571733,0.000145319949091668,7.16675406792282e-05,4.72094452257339e-05,3.54748807855287e-05
0.000267966472432032,0.000440211801694572,0.000421118385655969,0.000113785485110325,3.47405753119709e-05,1.92620624527968e-05,1.37166453250209e-05
0.000699414175505742,0.00028608544258557,0.000185106955921637,7.58987379178721e-05,1.59140609867794e-05,6.41818806906307e-06,4.64834343473894e-06
0.00157254585902705,0.00261512124343875,0.0030989536133001,0.00224428272223839,0.000344415071636099,5.59550866651742e-05,1.85182410230908e-05
0.000929252977294192,0.000927019950998192,0.000919043673930309,0.000452306228273311,0.000102330991526375,2.51569414522717e-05,1.38719875884203e-05
0.000996530423925561,0.00103488638848487,0.00107883914216042,0.000712346269849559,0.000699414175505742,0.000699414175505742,0.000699414175505742
0.000935657746331635,0.00120816858209721,0.00145457714618202,0.00107551625398589,0.000699414175505742,0.000699414175505742,0.000699414175505742
0.000940551912118464,0.000993106661668707,0.00102641821035799,0.000717240143590019,0.000699414175505742,0.000699414175505742,0.000699414175505742
0.00102399850011997,0.00120304683906869,0.00137911063730959,0.00104707976759068,0.000699414175505742,0.000699414175505742,0.000699414175505742
0.00180800642476134,0.00169897526655801,0.00270552925071395,0.00203148235650531,0.000699414175505742,0.000699414175505742,0.000699414175505742
0.00155892277112445,0.00161404486441937,0.00165603037647622,0.00110650299133643,0.000204501904429022,3.86985738551659e-05,1.60524680124604e-05
0.0002007834268379,0.000292098391216258,0.000341664304900131,0.000194624077768848,4.68007745488548e-05,2.36942086291294e-05,1.69738373915306e-05
0.000489098086285807,0.000981743704735416,0.000844777363276824,0.000390645998971912,9.49197222846263e-05,2.56024551046296e-05,1.42131284568551e-05
0.000410563540040582,0.000848043578211882,0.000919547799133226,0.00048181508015049,0.00016582507965391,5.17052065912697e-05,3.05791611075208e-05
0.00222850273958223,0.00224014286065998,0.00224901050563046,0.00135910346028705,0.00024096598681655,6.24611115444217e-05,3.5564842324561e-05
0.00269895463039609,0.00248410867092422,0.00410397739743254,0.00300517343023844,0.000874069443660933,0.000699414175505742,0.000699414175505742
0.00181916130466444,0.00155412911076341,0.00140263958749624,0.00160645197652849,0.000256212399864213,5.11554944079088e-05,2.47221779505393e-05
0.00413464209241786,0.00557044767226054,0.00536900705111465,0.00313978632991791,0.000418722177644856,7.58295607168067e-05,3.1253196867127e-05
0.00583531925959319,0.00412125686686796,0.0033443007539766,0.00182340666963998,0.00088303865446446,0.000699414175505742,0.000699414175505742
0.00733766735759385,0.00581914616609776,0.00503830067941329,0.00273241502238744,0.000740393799800967,0.000147513993905481,0.000128623415253095
0.00475215485523838,0.00659144379913912,0.00666785591796633,0.00395875758076152,0.00102144373116825,0.000699414175505742,0.000699414175505742
0.00374848451637856,0.00337040372662349,0.00311799711218682,0.00191599939304189,0.00040573064260942,9.2199951323952e-05,3.73939735582662e-05
0.00757052259482427,0.0100033066760875,0.0103426951497454,0.00587848321821202,0.00142068282568849,0.000699414175505742,6.10060349456087e-05
0.0123950821867995,0.0153144824161399,0.0156719908013701,0.00788621734191041,0.00131280671333856,0.000182705878018245,8.10702294358119e-05
0.014353255545211,0.0123181848371463,0.0107329051166765,0.00513788550772616,0.00153855318236679,0.000699414175505742,0.000699414175505742
0.0144050223362417,0.0114685034696911,0.00969025102274678,0.00463312089342015,0.00163777355018999,0.000699414175505742,0.000699414175505742
0.00477575035189718,0.00353652828608219,0.00308063569461488,0.00170127146696732,0.000310219723760404,6.16248737693611e-05,1.7233101641839e-05
0.00822755925129253,0.00489464816379986,0.0038189610505555,0.0015630043011251,0.000289526179284523,7.45676594626594e-05,7.97359080664087e-05
0.00708097087705831,0.00849868450266431,0.00800040758010487,0.00211568472776472,0.000319710475848758,5.97092125316864e-05,5.60666087935189e-05
0.00294655043554613,0.0039539049525883,0.00419017237726929,0.00142426145520373,0.000223810204582863,3.64849519693681e-05,1.22191742813998e-05
0.00024651752072851,0.000318473538343064,0.000271860090319511,0.000141496017155101,5.66980518666218e-05,4.34564160159699e-05,3.67944610433583e-05
0.000324724590534858,0.00047865866857783,0.000397908028851456,0.000147922854717449,4.17747281750841e-05,1.83404469601943e-05,1.40512391268273e-05
0.000759597887615553,0.000515545155754252,0.000415888437675221,0.000232220444042479,6.83657115440117e-05,1.6953972814966e-05,9.48819648729487e-06
0.0028063669372877,0.00361273613509396,0.00318793990908906,0.00170110908775816,0.000214038481338878,4.38652289288697e-05,2.07461499425829e-05
0.00361147263255326,0.00284287681745295,0.00256656882067551,0.00259027439797583,0.00074973606939663,0.000699414175505742,5.81428264072665e-05
0.0069307911334669,0.00509165228063163,0.00420224866152874,0.00374842888014547,0.000509878926876167,8.47985365101171e-05,3.17897911425518e-05
0.00688156792409298,0.00907221373445597,0.00928672633431352,0.00508875925435558,0.00124794081918299,0.000699414175505742,0.000699414175505742
0.00946134234702697,0.00579475736225247,0.00447107816092912,0.0024502721021199,0.000944758875386858,0.000699414175505742,0.000699414175505742
0.0200671445567583,0.014898756910443,0.0118921477009038,0.00589542013916902,0.00202148434733687,0.00116403055326955,0.000955228866567455
0.0166682260199722,0.0128768715365734,0.0104935477084772,0.00509357342177986,0.00299953415285193,0.00192786521020116,0.000699414175505742
0.0121757651245945,0.00931382520064725,0.00784383298014218,0.00366726164614925,0.000836974312731111,0.000146369167542789,6.85194893160678e-05
0.000306078001025225,0.000414189662671404,0.000267609927667475,0.00016507514491565,7.64277807025452e-05,6.0227668605342e-05,5.1672274429117e-05
0.000770519754958122,0.000502811920092768,0.000355417026549897,0.000178513408986233,0.000130937125563362,7.72365436485967e-05,6.12058237314049e-05
0.00176170332120846,0.00113877128756163,0.000828661763768735,0.00031347859218575,8.82155055619293e-05,3.42638600829357e-05,2.28604654520753e-05
0.000374034272283835,0.000443382952213368,0.000323536081377612,0.000166625122981264,8.8413645495567e-05,7.26441826124108e-05,6.21831247790225e-05
0.000699414175505742,0.000228938377061873,0.00012548007142158,0.000131150258537323,2.94079836983723e-05,1.9903615575873e-05,1.60404761883484e-05
0.00133579269582604,0.00187690488248239,0.00212463571615869,0.00115792826664053,0.000699414175505742,0.000699414175505742,0.000699414175505742
0.00404832110942079,0.00529265800971443,0.00528899220618797,0.00259652880548293,0.000316084366577292,4.09907199114963e-05,1.50381322176361e-05
0.00247252800734851,0.00171736671625943,0.00134959996082382,0.000479707068161698,0.000102565798882227,2.02927599369266e-05,9.37635016052942e-06
0.00152518240594632,0.00106853459666077,0.000814957783985692,0.000272186207074568,5.02350080855779e-05,1.05250887597248e-05,5.79367568506296e-06
0.000171272109864864,0.000198331673861876,0.000125766927987894,8.61700740898905e-05,5.77044080917011e-05,5.1779011427688e-05,4.53387302185829e-05
0.000699414175505742,0.000699414175505742,0.000699414175505742,0.000699414175505742,0.000699414175505742,0.000699414175505742,4.55622090593952e-05
0.0024500722411813,0.00196151882591909,0.00167688809798502,0.000789339845755808,0.000699414175505742,0.000699414175505742,5.71882691643767e-05
0.00283239618556937,0.0036756265569879,0.00373718578890668,0.00188851800119,0.000699414175505742,0.000699414175505742,0.000699414175505742
0.00010905877971353,0.000126156314091082,7.95795157521649e-05,2.37952195944835e-05,1.04111191640166e-05,9.44648134019728e-06,7.12324630785121e-06
0.00031979700236341,0.000381817622253152,0.000253346759208283,0.000109668512420397,2.88181314089049e-05,1.0365598207722e-05,3.62316472329615e-06
0.00158536164493187,0.00205830965808858,0.00201236340282603,0.00100637297021984,0.000699414175505742,0.000699414175505742,0.000699414175505742
0.00115004891556956,0.000877913299516987,0.000701983191301382,0.000230864467238993,7.74191510812837e-05,2.46460655386071e-05,1.68070453710238e-05
0.00153110678540177,0.00123222788781826,0.00102153175742302,0.000333364189167488,5.6136407859796e-05,1.07329605621547e-05,1.43821794712296e-05
0.0011892579332947,0.00152870332080416,0.00159268421771207,0.000802324643993019,0.000699414175505742,0.000699414175505742,0.000699414175505742
7.73335563795795e-05,8.03268297252599e-05,6.64819137300176e-05,1.38125023626146e-05,5.47565299970936e-06,3.83158062156577e-06,3.73004724546215e-06
0.000237970001611186,0.000253444461846656,0.000219294207415996,0.000106068722468882,2.59219305183035e-05,1.38292113291208e-05,1.20688556022627e-05
0.00224998873646448,0.00168832255241527,0.00134362207495892,0.000457189217799018,9.08508642360891e-05,1.293136417758e-05,5.88190382127462e-06
0.00386718536864116,0.00246790070168856,0.00191380622006511,0.00085104696633722,0.00015985334452558,2.62859741237541e-05,1.22270544976797e-05
0.00354303441612735,0.00242308764580604,0.00186838859047734,0.0015353809148347,0.000699414175505742,5.6728440517344e-05,1.30213885702926e-05
0.00305136523419652,0.00242517505954942,0.00196979640752153,0.00133331769824446,0.000699414175505742,0.000699414175505742,0.000699414175505742
0.00105861900587533,0.000820621238177143,0.000499829831304928,0.000168393005876096,5.40122060249259e-05,1.84593280898794e-05,1.24816328452807e-05
0.000699414175505742,0.000699414175505742,0.000699414175505742,0.000699414175505742,0.000699414175505742,0.000699414175505742,0.000699414175505742
0.000112991377893732,0.000115043169085897,7.03280519427647e-05,4.53324283974917e-05,3.06117917575258e-05,2.98548906410565e-05,2.57195136542353e-05
0.000699414175505742,0.000699414175505742,0.000699414175505742,0.000699414175505742,0.000699414175505742,0.000699414175505742,0.000699414175505742
0.00112151578137575,0.000819911757831661,0.000490762451261511,0.000170971017278908,3.45430584914228e-05,8.83283005719579e-06,5.48140166636174e-06
0.00268762063431157,0.00335745490362076,0.00323111976851671,0.00148168431186125,0.000699414175505742,0.000699414175505742,0.000699414175505742
0.0065302917469492,0.0035687232076572,0.00283863689932136,0.00107187026573298,0.000195895572693531,7.01346525644083e-05,4.97195811696946e-05
0.00312105823427977,0.00163450331550481,0.00130683239591324,0.00048278110072168,0.000129107382945332,2.98677373449272e-05,2.02258602379831e-05
0.00487549972817261,0.00317231636380898,0.00236893963588565,0.00106710812739825,0.000191329037171046,3.23743018286306e-05,1.5531708734078e-05
0.00789454830973734,0.0085810566798259,0.0077542487987396,0.00168058121940209,0.000261456866291319,9.27777623651069e-05,5.68897658763591e-05
0.000110276727706587,0.000114777886570771,8.01527195965489e-05,1.76302819364662e-05,8.73667036179626e-06,4.41656025945937e-06,4.274947730106e-06
5.04566088252063e-05,5.20257375133354e-05,3.18391606294268e-05,1.38531587213204e-05,7.22365668475843e-06,4.09626270722049e-06,3.31777850133411e-06
4.22070430935727e-05,4.31617080361629e-05,2.54280576144317e-05,1.04519633955726e-05,4.80324952442254e-06,2.71709670455897e-06,2.64276405453597e-06
1.98694842229845e-05,2.03384089909737e-05,1.2928707246704e-05,6.16963011444289e-06,3.4333204985194e-06,2.40596385776539e-06,2.35780809860948e-06
0.000699414175505742,0.000699414175505742,0.000699414175505742,0.000699414175505742,0.000699414175505742,3.23943037605793e-05,1.47373853682019e-05
0.000699414175505742,6.49141995967588e-05,2.21639096292571e-05,1.32188617832335e-05,2.17647739277724e-05,2.14656399210223e-05,1.81060236027918e-05
0.000699414175505742,0.000699414175505742,0.000699414175505742,0.000699414175505742,0.000699414175505742,0.000699414175505742,0.000699414175505742
0.00198665092505463,0.00132493117342525,0.000943584972551632,0.000288975018206259,7.06895133998569e-05,1.84549327082767e-05,8.93445017714238e-06
0.00526628715487717,0.00614803173716265,0.00519072609225978,0.00237781929239865,0.000300681231561313,6.83079865211131e-05,2.79870103556302e-05
0.0107752780745421,0.00594427042818985,0.00444476827373656,0.00228877331103218,0.000380097893485007,0.000122772781426862,0.00014657065047293
0.00990001596280572,0.0105393509316194,0.00943994306327467,0.00517299375432513,0.000437614788473717,0.000229096897164186,0.000142506771866247
0.00774865359881045,0.00835995159326945,0.00777631282155848,0.00429083933231852,0.000345545068593807,0.000259239774108505,0.00017617619112316
0.00666568241878073,0.00733147614591322,0.00631646829060662,0.0021404968642634,0.000699414175505742,0.000699414175505742,0.000699414175505742
0.00172132069520292,0.000829980175204568,0.000524036063380931,0.000744203745935863,0.000699414175505742,0.000699414175505742,0.000699414175505742
0.00662628838322446,0.00703160188147174,0.00664167983353001,0.00271059928149163,0.000291077678578614,0.000165459813078879,0.000109095223095093
0.000699414175505742,8.87619054199034e-05,4.02330797733112e-05,3.48135310514614e-05,2.26621519503354e-05,1.95796562411924e-05,1.71378596725284e-05
0.000699414175505742,0.000119791661464414,8.56811995238584e-05,0.000150266773567346,7.88605093658974e-05,6.5457636521797e-05,5.58694929035242e-05
0.00113171791352925,0.00136098294643356,0.00122344112022991,0.000699414175505742,0.000699414175505742,0.000699414175505742,0.000699414175505742
0.0105222674995678,0.00736960300264188,0.00538243502283959,0.00293297402643047,0.000396280933192094,0.00023189742537382,0.000146720508552033
0.0150442854113171,0.00970473086921696,0.00705602373479592,0.00717667512359634,0.00384556525527148,0.00134623390284105,0.00101887374467266
0.0136057293483551,0.00762997307719026,0.00560793219354621,0.0032949617325154,0.00376249625547861,0.00137771202560622,0.00109188373129178
0.0371980693721328,0.0409542942313111,0.0372181984043861,0.012577039280956,0.0120159707510948,0.010120834345809,0.00920115879347184
0.000132125951105172,0.00013552495391585,6.07709050105835e-05,2.91404010561695e-05,1.45672261849536e-05,4.01723838835824e-06,3.88573902548682e-06
9.04767035792642e-05,9.45606541795768e-05,3.52887548038646e-05,1.59329768665631e-05,7.66305332352032e-06,3.51575597662588e-06,3.39777948449021e-06
5.58642191907266e-05,5.62904741580233e-05,3.25224596933265e-05,1.63831099003719e-05,7.99326920998805e-06,2.55629577177955e-06,2.47834122592764e-06
0.0456563651330754,0.0289749338605817,0.024811323646094,0.015706702562018,0.015202561392952,0.0114742842480316,0.00998596995795482
0.0199798577596554,0.0115285501348911,0.00924586408000634,0.004726222394277,0.00187636562260696,0.00144766989096149,0.00130368282641643
0.00320504193540001,0.00359988505134143,0.00276180613187892,0.000452578604620701,0.000105957300583087,3.74694138542474e-05,2.61999597548548e-05
0.000178062801779926,0.000197884715398549,0.000139414393139824,0.000132803254576249,8.32914486824776e-05,7.20196448438792e-05,6.50224462974994e-05
0.000699414175505742,0.000699414175505742,0.000699414175505742,0.000699414175505742,0.000699414175505742,0.000699414175505742,0.000699414175505742
0.0155034265910671,0.0163859776139113,0.0150574672372923,0.00861944063337115,0.00188276869893612,0.00131441474441387,0.0011382870613496
0.00752198282214167,0.00792155878024925,0.00705664288094821,0.00410433948789796,0.000864561951806708,0.000699414175505742,0.000699414175505742
0.000699414175505742,0.000141043862501055,5.51947741498587e-05,2.08447942938825e-05,6.86337870121211e-06,2.08799530459598e-06,1.79521686926123e-06
6.17607574793742e-05,6.38753635718481e-05,1.18020005849135e-05,4.74873219441715e-06,2.12531207671444e-06,9.5329774234505e-07,9.2381597038356e-07
0.000729361142650787,0.00039153202895834,0.000238748314923042,8.37526379045572e-05,2.22684766591315e-05,1.23057065166413e-05,1.01702848750286e-05
0.00110999342653231,0.00127342155042834,0.000870708979618667,0.000699414175505742,0.000699414175505742,0.000699414175505742,0.000699414175505742
0.000159874603916573,0.000204848317369069,0.000122964895194155,5.20378987499549e-05,2.07098384491954e-05,1.70759592870132e-05,1.5917159840052e-05
0.000699414175505742,0.000699414175505742,0.000699414175505742,0.000699414175505742,0.000699414175505742,0.000699414175505742,0.000699414175505742
0.000699414175505742,0.000190193045605673,8.73028809572248e-05,3.43984178920449e-05,1.19961037431961e-05,7.1915445155389e-06,6.76869096784872e-06
0.000699414175505742,0.000699414175505742,0.000699414175505742,7.73697996542538e-05,1.38625876125437e-05,8.0086508076203e-06,7.30408988297663e-06
0.000699414175505742,0.000242965955117709,0.000101455019429008,3.59114985996406e-05,9.5852338269433e-06,3.88775528475925e-06,3.44784866696922e-06
0.000699414175505742,0.000699414175505742,0.000699414175505742,0.000699414175505742,4.89548712711621e-05,6.13828662866909e-06,3.35108134286568e-06
0.0163428147286709,0.00875032780202808,0.0135550046269506,0.00935476916380057,0.00527029743150628,0.0042650667680779,0.0038494033095762
0.161373586760166,0.115117126856173,0.0929804354877566,0.0963522272819047,0.0464542600312244,0.0328095262045444,0.0286459720346811
0.00872332663841082,0.00480181002670734,0.00329757168730115,0.00128003712214945,0.000332107760109166,0.000371810095201525,0.000249500025470455
0.00341598166473841,0.00412292947312044,0.00388379099739897,0.00133436182122832,0.000699414175505742,0.000699414175505742,0.000699414175505742
0.0631677929475277,0.0447640754858488,0.0395366380034594,0.0206836894582249,0.00731639518506124,0.00455349775684378,0.00390121348711857
0.0379212681020549,0.0402229115435839,0.0354900995836152,0.00976760715182354,0.0104232556150622,0.00910761481211862,0.0082591743573322
0.0175980448314933,0.0182999529612638,0.0157170585468947,0.00432785844363607,0.00196130729211621,0.0016099559113229,0.00143117568370649
0.0103115031501927,0.00604739894702396,0.00450580319476156,0.00218938752833265,0.00102005833230511,0.00077519580323833,0.000705785638987916
0.00284274532340247,0.00178605529592448,0.00125181800374737,0.000371648386392818,9.31622742112278e-05,4.13856086398898e-05,3.13803168738189e-05
0.000869693294613331,0.000426310495347391,0.000273397095432618,0.000108298203974138,2.33473371110327e-05,9.49271695546117e-06,7.88926800704927e-06
0.000750074007723667,0.00035720738614613,0.000202311222490664,6.6926139848499e-05,1.42977176547668e-05,4.68367932455205e-06,3.79516840368181e-06
0.848032509328385,1,1,1,0.322450575833676,0.124756416253581,0.0704124615867325
0.000699414175505742,0.000117627444160984,7.6051107191215e-05,0.000158172679925536,9.89474507356189e-05,8.40985275801833e-05,7.57010879372451e-05
0.000699414175505742,0.000699414175505742,0.000699414175505742,0.000699414175505742,0.000699414175505742,0.000699414175505742,0.000699414175505742
0.00316966212735479,0.0046000875338499,0.00574200962296629,0.00394870620457884,0.00302291970491465,0.00269310111395238,0.00224767456310476
0.0596009891338715,0.0291292465291316,0.0232853447045545,0.0139115711913939,0.0193556370704357,0.00779758717808335,0.00679893234204505
0.00967925109860458,0.00507723014691649,0.00342568716855214,0.00193476064775392,0.000386750326922127,0.000204691867047165,0.000347367628465796
0.0202688849277498,0.01040072729887,0.00749303510347923,0.00444118957118929,0.00545430712418396,0.00459993184216497,0.00412632845993305
0.0339063533560545,0.0167291488176077,0.012923534515127,0.00773708634672536,0.00439462804027235,0.00373436972253336,0.00338208078412082
6.92336004687873e-05,7.62801001671434e-05,2.63480858567142e-05,1.12236827542471e-05,2.62774895651278e-06,2.51134184838296e-06,2.40225359962614e-06
0.000713938676229416,0.000366677007848165,0.000197075102987148,5.85480828915278e-05,8.58875366116826e-06,2.37005241951786e-06,1.85924807207371e-06
0.000125418884056474,0.000142185841751941,4.11459826808699e-05,1.54660730378823e-05,1.03431637172707e-06,9.99156277194715e-07,9.66575583993763e-07
0.00295195301979682,0.00243519861400218,0.00211370097545489,0.000957681968386853,0.000165907977113586,4.00432558994868e-05,1.36859164834884e-05
0.00390078628016391,0.00478440818806518,0.00449352912649338,0.00197774161399999,0.000699414175505742,0.000699414175505742,0.000699414175505742
0.00304731135898402,0.00402381422304697,0.00422561897377338,0.00204793239052038,0.000699414175505742,0.000699414175505742,0.000699414175505742
0.00275275859402457,0.00385595936502108,0.00438727737319785,0.002442246493531,0.000699414175505742,0.000699414175505742,0.000699414175505742
0.000699414175505742,0.000114660113877144,0.00019538089174484,0.000165015700389331,9.40287218790534e-05,8.24278528516721e-05,7.44581083770596e-05
0.00199545767937057,0.00291040194840143,0.00385028120772417,0.00337190659982484,0.00295043574151104,0.0026624296165246,0.00222165324610188
0.304638683659078,0.423190004571674,0.547141817361564,0.659456091455892,0.637360367563286,0.56748756863459,0.477293771925325
1,1,1,1,1,1,1
0.168657370301195,0.110566521811927,0.0874162029398668,0.0461510069054458,0.0412627929582922,0.0347125977426742,0.0320995619064295
0.699307461535076,0.862018400770152,0.970719484790104,0.604553189090198,0.14743318210019,0.0611916384847626,0.0441826443078542
0.0185436661086818,0.00951390082000381,0.0152595939765082,0.0104498252286863,0.00610111795601177,0.00496471540803237,0.00454625641604011
0.00997133303311251,0.00515339406727279,0.00360588847608835,0.00250129712977895,0.00366373640275116,0.0030806850884925,0.00282471662440214
0.0133536170044555,0.0150549226773558,0.0151643611974372,0.00727872483784249,0.00137736410400001,0.000699414175505742,0.000699414175505742
0.00609111481716328,0.00747456647713204,0.00745923539450454,0.0032481069399722,0.000728816984052894,0.000699414175505742,0.000699414175505742
0.0102815353463822,0.00521777492334638,0.0041381233733734,0.00336964497526365,0.0028813933715111,0.00275697718094382,0.00272113694677843
