"V1","V2","V3","V4","V5","V6","V7"
2.31054515672456e-06,1.80916169876096e-05,3.85918549720518e-05,1.24378802791448e-05,4.11626451152338e-06,2.89698493059202e-06,2.82717613244454e-06
0.000144828675779544,0.000332401315032818,0.000404317938261127,0.000102271624043608,2.69474724877915e-05,1.9277522590484e-05,1.56085767016392e-05
3.0877339883054e-06,2.06721665545411e-05,3.52688071944357e-05,1.23690916341729e-05,3.79994744137492e-06,2.67570954931075e-06,2.61254319382253e-06
0.000148353114061335,0.000341308562852466,0.000399083748403091,0.000100326197742022,2.56173360348712e-05,1.80194744434478e-05,1.45375709936512e-05
0,6.75089230783559e-06,1.24257403533943e-05,3.31514674904742e-06,1.43834746809769e-06,1.0096157050611e-06,9.82683587843706e-07
6.45907611680457e-06,3.42528472598875e-05,4.96153043389734e-05,1.68886609078445e-05,3.76082223995657e-06,2.63904406860932e-06,2.56788649085879e-06
0,5.62201143604017e-06,9.60335669223884e-06,2.26156593082443e-06,9.84947259063263e-07,0,0
1.49792434198574e-06,1.35906435059052e-05,1.90789070324893e-05,5.06531717079359e-06,1.51968049330051e-06,1.0665411966766e-06,1.03793060617817e-06
0,0,0,0,0,0,0
0,0,0,0,0,0,0
0,0,0,0,0,0,0
0,0,0,0,0,0,0
0,0,0,0,0,0,0
0,0,0,0,0,0,0
0,0,0,0,0,0,0
0,0,0,0,0,0,0
0,0,0,0,0,0,0
0,0,0,0,0,0,0
0,0,0,0,0,0,0
0,0,0,0,0,0,0
0,0,0,0,0,0,0
0,0,0,0,0,0,0
0,0,0,0,0,0,0
0,0,0,0,0,0,0
0,0,0,0,0,0,0
0,0,0,0,0,0,0
0,0,0,0,0,0,0
0,0,0,0,0,0,0
0,0,0,0,0,0,0
0,0,0,0,0,0,0
0,0,0,0,0,0,0
0,0,0,0,0,0,0
0,0,0,0,0,0,0
0,0,2.62388602398005e-06,0,0,0,0
0,0,1.76067204694138e-06,0,0,0,0
0,0,0,0,0,0,0
0,0,0,0,0,0,0
0,0,0,0,0,0,0
0,0,0,0,0,0,0
0,0,0,0,0,0,0
0,0,0,0,0,0,0
0,0,0,0,0,0,0
0,0,0,0,0,0,0
0,0,0,0,0,0,0
0,0,0,0,0,0,0
0,0,0,0,0,0,0
0,0,0,0,0,0,0
0,0,0,0,0,0,0
0,0,0,0,0,0,0
0.000321624898748524,0.000782800834633704,0.000303262753781012,0.000165051997588588,6.79595449607688e-05,5.04829525106071e-05,3.94645847449853e-05
0.000456940301100315,0.00110955107791561,0.000420990056946438,0.00026010576062283,0.000123331989666179,9.17096581034279e-05,7.1209097202569e-05
0.00167271382934887,0.00250392379985906,0.00246578645324469,0.00211383980895769,0.0014338151239116,0.000980059672592459,0.000746873558550236
0.000881130453395954,0.000485980430052613,0.00151189846369034,0.000967076397853028,0.000699414175505742,0.000699414175505742,0.000699414175505742
0.00145754653534427,0.000981988980441057,0.00221449421666374,0.00091129395997601,0.00115670996247339,0.000963581483420214,0.000255729149421685
0.000511649944686577,0.00123088680571517,0.00044169913225198,0.000263005314158772,0.000120481485008094,9.46144005489138e-05,7.46714413389021e-05
0.00111466138584023,0.000793841872568759,0.00075363943159142,0.000526761157025506,0.000380125370364895,0.000263116231861329,0.000199648049243761
0,0,0,0,0,0,0
0,0,0,0,0,0,0
0,0,0,0,0,0,0
0,0,0,0,0,0,0
0,0,0,0,0,0,0
0,0,0,0,0,0,0
0,0,0,0,0,0,0
0.00111416344780365,0.000737528862859135,0.00051625542877294,0.000487682751112023,0.000360980031518377,0.000240378919538426,0.000181891766404703
0.00166726586357732,0.00101212334318534,0.000912363074489457,0.00144661975871693,0.00152478912069696,0.00124348781508208,0.00109892443088222
0.00146332097967615,0.000901991210360776,0.000810570838103433,0.00163684471829729,0.000420360687325867,0.000777427275704271,0.000699414175505742
0.00166488506719791,0.00105134871297437,0.000990029905796582,0.000858388194756384,0.0011180682348945,0.000931428839577727,0.000719284727344547
0.00411932812100333,0.00491570648386054,0.00465442268557404,0.00240746905635501,0.00230053807331564,0.00188342609145407,0.00167498646761848
0.00414121587322624,0.00499800880688307,0.00463057978424448,0.00468279358648136,0.00430510307409062,0.00347498014964586,0.00306941666156898
0.00355655034038416,0.00447380309899683,0.00430392869227619,0.00510717528816677,0.0023217644733371,0.00178983516436726,0.00375288608444273
0.00358221530559118,0.00443759436868133,0.00422572934781037,0.00431806866843313,0.00403574232909863,0.00326178009072647,0.00284860681694078
0.00184160669355123,0.00117030621437657,0.00109006863144972,0.00183561157105259,0.00196248928807749,0.00162868131014997,0.00143619771092965
0.0017249605959271,0.00258381730467929,0.00246539358684614,0.00161079806785451,0.00147967466962813,0.00121070530744374,0.00105435838860542
0.00146094930648303,0.0009734368386942,0.00089457881926248,0.00155601517732563,0.00172297057753137,0.00144540755356381,0.00127687715256847
0.00164789657056313,0.00105289930606141,0.000946346180700237,0.00169692476822781,0.00186241652176561,0.00156266776993057,0.00138624744294804
0,0,0,0,0,0,0
0,0,0,0,0,0,0
0,0,0,0,0,0,0
0,0,0,0,0,0,0
0,0,0,0,0,0,0
0,0,0,0,0,0,0
0,0,1.85895593462829e-06,0,0,0,0
0,0,0,0,0,0,0
0,0,0,0,0,0,0
0,0,0,0,0,0,0
1.90221541981341e-05,4.58908358542646e-05,7.6761127588341e-05,1.58841578473172e-05,3.0460370460698e-06,2.14779738097464e-06,2.09996895627168e-06
0.000157474446493595,0.000308511971433645,0.000383973073289825,0.000171749250986711,4.88161477418586e-05,3.79085329468007e-05,2.99220895238467e-05
1.15063674199928e-05,3.43653817024265e-05,6.8525499560145e-05,1.68569860364452e-05,4.08405668358007e-06,2.87924503946493e-06,2.814665526633e-06
0,0,0,0,0.000109903983733815,0.000881335812402466,0.0016728024342047
0,0,0,0,1.89129837674389e-05,7.2468059281371e-05,9.9355844769072e-05
0,0,0,0,0,0,0
0,0,0,0,0,0,0
0,0,0,0.00038361538340573,0.0243369399828936,0.0571561477286812,0.102706797815385
0,0,0,0.00600333243279244,0.0505058155270366,0.080770974024039,0.120320167788336
0.00171377186225666,0.00106523492509767,0.000952510484701271,0.00122445706314695,0.000699414175505742,0.000167503243526363,0.000123246821364045
0.000847657030202913,0.000512344929994231,0.000472092973265381,0.000958620409442752,0.000699414175505742,0.000699414175505742,0.000699414175505742
0.000705138720589558,0.000420188584363843,0.000380776333379746,0.000486669929390989,0.000117772771489929,7.68044934730992e-05,5.72948787317844e-05
0.000713664070019551,0.000451745554514983,0.000421552223473404,0.000270864159974156,0.000150176614270676,0.000117203559050687,9.0927593602808e-05
0,0,0,0,0,0,0
0,0,0,0,0,0,0
0,0,0,0,0,0,0
0,0,2.71023679634953e-06,0,0,0,0
0,0,0,0,0,0,0
0,0,0,0,0,0,0
0,0,0,0,0,0,0
0,0,0,0,0,0,0
0,0,0,0,0,0,0
0,0,0,0,0,0,0
0,0,0,0,0,0,0
0,0,0,0,0,0,0
0,0,0,5.96771622192483e-06,0.0119973861933918,0.0294065098313539,0.0444509473093202
0.000411518983586707,0.000958648357965631,0.000365250200720136,0.000491042864537879,0.000105342997842903,7.12309420603525e-05,5.52254071550724e-05
0,0,0,0,0,0,0
0,0,0,0,0,0,0
0,0,0,0,0,0,0
0,0,0,0,0,0,0
0,0,0,0,0,0,0
0,0,0,0,0,0,0
0,0,0,0,0,0,0
0,0,0,0,0,0,0
0,0,0,0,0,0,0
0,0,0,0,0,0,0
0,0,0,0,0,0,0
0,0,0,0,7.30493560559918e-05,0.000403645769835914,0.000855419881585226
0,0,0,0,2.28139366961108e-06,4.63527170802466e-06,1.29742774135884e-05
0,0,0,0.0140292086615504,0.0838284814212307,0.128155821646991,0.184048202586671
0,0,0,0,0,0,0
0,0,0,0,0,0,0
0,0,0,0,0,0,0
0,0,0,0,0,0,0
0,0,0,0,0,5.60751894769624e-05,0.000137444572014993
0,0,0,0,0,0,0
0,0,0,0,0,0,0
0,0,0,0,0,0,0
0,0,2.83845287543438e-06,0,0,0,0
2.53136417246191e-05,4.35071835013091e-05,4.38796881475247e-05,5.0978445739105e-06,0,0,0
0.000121012521475343,0.000206855190989865,0.000197151888045677,6.97077097472178e-05,2.07692807169502e-05,1.49586595550242e-05,1.29148580032141e-05
5.09178937710509e-05,0.000101291281352351,0.000127868140524752,2.97842950673203e-05,7.22479139785829e-06,6.02787144500128e-06,4.86019621805514e-06
0.000229346053652465,0.000415486872782448,0.000442825540194583,0.000108627991304776,3.71330624476677e-05,2.73110402431326e-05,2.02415116700732e-05
0.000122998609377772,0.000124151628085557,0.00012385825852616,2.51852619986856e-05,0,0,0
2.54083374343187e-06,2.84587673065873e-06,9.53128231597189e-07,0,0,0,0
0.000258804417163111,0.000261199612887013,0.000258380349591599,0.000113474838739142,3.52837547661284e-05,1.95674534127308e-05,6.66250119569265e-06
0.000253708017009383,0.00020789584267925,0.000205933254641396,0.000111853172164611,3.48924577935364e-05,1.93723658697867e-05,6.57030789446855e-06
0.000128339588076342,0.000129521721541756,0.000128465951069443,3.21633959227868e-05,0,0,0
9.2807281648234e-05,8.71640360131084e-05,8.6678033931816e-05,2.32938897963446e-05,0,0,0
0.00016739143222136,0.000167768966836286,0.000149555941349061,7.39606377462532e-05,1.36417279838743e-05,7.03061123416901e-06,5.78412356723688e-06
0.000452615603915558,0.000455968259967885,0.000417491229195371,0.000166565125853032,7.2140892000226e-05,3.93085635782064e-05,2.57945777839345e-05
0.000335746548563334,0.000339626972888997,0.00033090291117531,0.000130962499674592,6.21018286629368e-05,3.15214404832807e-05,2.17004940226716e-05
0.000262135998475457,0.000263404841766809,0.000260273478379106,0.000121326039953894,4.27098975568726e-05,1.96399785134827e-05,1.65406985820151e-05
0.000171863727558225,0.000172968213099527,0.000171076962478932,7.59825766089015e-05,1.39590397288097e-05,7.19470339373674e-06,5.91958330751652e-06
0.000137790086281071,0.000138260466226826,0.00013803800905477,3.26292977136493e-05,1.27168545198648e-05,6.55240378278876e-06,0
0.000263286835378865,0.000265234680327378,0.000261348615075255,0.000120440629130692,3.50005600775796e-05,1.94206333742208e-05,6.55271162228551e-06
0.000177160073806382,0.000177804869026241,0.000175992319874993,8.24707778419473e-05,1.41541502565061e-05,7.29560761377506e-06,6.00288594829288e-06
0.000142155228225841,0.000141937660160028,0.000140974348319421,5.94746450713293e-05,1.29473824750229e-05,6.67158802167573e-06,0
0.000119827090145781,0.000120875662128977,0.000120692914413779,2.45557907132978e-05,0,0,0
0.000143874877809708,0.000145072324178137,0.000143358991830719,6.03202904591079e-05,1.30647198408484e-05,6.73225484892468e-06,5.53785482207388e-06
0.000121825827607578,0.000122896540219572,0.000122693187404726,3.09730017705878e-05,0,0,0
1.02298949350742e-06,4.81473747490627e-06,1.25913193041189e-05,0,0,0,0
0,0,0,0,0,0,0
0,0,0,0,0,0,0
0,0,0,0,0,0,0
0,0,0,0,0,0,0
0,0,0,0,0,0,0
0,0,0,0,0,0,0
0,0,0,0,0,0,0
0,0,0,0,0,0,0
0,0,0,0,0,0,0
0,0,0,0,0,5.60751894769624e-05,0.000137444572014993
0,0,0,0,0,0,0
0,0,0,0,0,0,0
0,0,0,0,0,0,0
0,0,1.43588218458004e-06,0,0,0,0
0,0,0,0,0,0,0
0.000205547098199313,0.000344200436399235,0.000316742097566728,0.000148090643543783,5.4760873025402e-05,4.36640497683136e-05,3.6487215641402e-05
0.000305073863805684,0.000485100737237834,0.000435244031464087,0.000119932241484681,5.25855117837509e-05,3.66496109704087e-05,3.11248867942742e-05
0,0,0,0,0,0,0
0,0,0,0,0,0,0
0,0,0,0,0,0,0
0,0,0,0,0,0,0
0.000225310360192231,0.000341603307249083,0.000315337461350155,0.000146158824816339,6.89795821978456e-05,4.02049585553847e-05,3.57892046778377e-05
0.000264293110852706,0.000377708899900942,0.000314866943352558,0.000144168912134637,5.92968756984229e-05,3.71267888550718e-05,2.93316798684656e-05
0.000336008741560815,0.000711953123871495,0.000278424342182608,0.000141217200210112,7.30989526046438e-05,4.5965043974168e-05,3.67701980273054e-05
0.000298801464240329,0.000476353113174516,0.000443394635486089,0.000141496403332759,4.71187108409382e-05,2.73348704251458e-05,1.99488963958008e-05
0.000272031011580217,0.000485891104500617,0.000461289955851675,0.000145662986613939,5.32953200469269e-05,3.28551046172322e-05,2.29788318060584e-05
0,0,0,0,0,0,0
0,0,0,0,0,0,0
0,0,0,0,0,0,0
0,0,0,0,0,0,0
0,0,0,0,0,0,0
0,0,0,0,0,0,0
0,0,0,0,0,0,0
0,0,0,0,0,0,0
0,0,0,0,0,0,0
0,0,0,0,0,0,0
0,0,0,0,0,0,0
1.0105755944242e-06,9.71297430132338e-07,2.02952038856337e-06,0,0,0,0
0,0,0,0,0,0,0
0,0,0,0,0,0,0
0,0,0,0,0,0,0
0.000186160308947998,0.000298422248645443,0.000278333982298252,0.000139129661107564,6.82538820622609e-05,3.87316235881619e-05,3.83150631074588e-05
0,0,0,0,0,0,0
0,0,0,0,0,0,0
0,0,0,0,0,0,0
2.09254568334462e-06,2.04408383817424e-06,0,0,0,0,0
0,0,0,0,0,0,0
0,0,0,0,0,0,0
0,0,0,0,0,0,0
0,0,0,0,0,0,0
0.000186042718701056,0.000238033122019677,0.000156145687148353,5.74500206609779e-05,2.2528131316647e-05,1.26604269149341e-05,9.03374051292671e-06
0.000234959030491961,0.000295027711413516,0.000182393085398606,7.11911448843712e-05,3.03032478342541e-05,1.81226944167837e-05,1.58623614661778e-05
0.000134536357444374,0.00018901807949032,0.000162293771915026,5.73430294940377e-05,1.44689518913208e-05,6.34422893540698e-06,4.88149644650536e-06
0,0,0,0,0,0,0
0,0,0,0,0,0,0
0,0,0,0,0,0,0
0,0,0,0,0,0,0
0,0,0,0,0,0,0
0,0,0,0,0,0,0
0,0,0,0,0,0,0
0,0,0,0,0,0,0
0,0,0,0,0,0,0
0,0,0,0,0,0,0
0,0,0,0,0,0,0
0.000287057582800905,0.000442859043592163,0.000441057133419395,0.000226136106625832,5.01891518862517e-05,1.64227461720758e-05,9.67313351842832e-06
7.40090931541084e-07,7.48730172465548e-07,0,0,0,0,0
0,0,0,0,0,0,0
0,0,0,0,0,0,0
7.69986659996771e-07,7.78187449856408e-07,0,0,0,0,0
2.70636603255824e-06,3.00043803854632e-06,9.13591057538431e-07,0,0,0,0
9.27690789318907e-05,7.45053794046122e-05,7.38634069544494e-05,2.32142942514901e-05,0,0,0
2.69406970895269e-05,2.71915600531645e-05,2.62553991309222e-05,0,0,0,0
7.16284152855705e-06,6.62782228299256e-06,4.72554824035664e-06,0,0,0,0
0.000257013301458533,0.000211991144221345,0.00020986867074678,0.000121208854352605,4.31404327591252e-05,1.98805333411346e-05,1.67542325435746e-05
0.000170451939723605,0.000171674001972869,0.00017108996782078,9.15106379497147e-05,1.43306288645676e-05,7.38699860497404e-06,6.07843650076273e-06
7.37435860370736e-05,7.45811011079049e-05,7.37805250535908e-05,2.36994843033994e-05,0,0,0
0.000176841372175922,0.000178095562292025,0.00018510977470727,9.45053527003459e-05,3.30615545842466e-05,7.60094658954865e-06,6.25508570393959e-06
3.83932481737999e-05,3.94609455264988e-05,3.91107505695601e-05,0,0,0,0
0.000447902672214803,0.000452070043918545,0.00041374734643061,0.000167876625063812,7.40206746584761e-05,4.03706106203417e-05,2.82019083077887e-05
0,0,0,0,0,0,0
0,0,0,0,0,0,0
0,0,0,0,0,0,0
0,0,0,0,0,0,0
0,0,0,0,0,0,0
6.9582152827958e-05,9.18503868743553e-05,5.31539039260348e-05,1.47961533580347e-05,7.44385352901311e-06,5.42755212900173e-06,4.91507799730253e-06
9.4462623302206e-05,0.000129961366823317,9.66834423494732e-05,3.5641419288002e-05,1.44700214343254e-05,1.05511441049197e-05,1.0601883400453e-05
7.62452111678132e-05,0.000104970586016487,8.31205403867519e-05,3.09068499809241e-05,1.35234452932959e-05,7.92261771728873e-06,8.2034988296821e-06
0,0,0,0,0,0,0
0,0,0,0,0,0,0
0,0,0,0,0,0,0
7.91540941172873e-06,9.15370518391569e-06,9.40167276510293e-07,0,0,0,0
1.92203595917318e-05,2.32706006710611e-05,6.64527180312712e-06,2.5260897045544e-06,1.88098329713016e-06,1.65920690904764e-06,8.07573231709094e-07
0,0,0,0,0,0,0
0,0,0,0,0,0,0
0,0,0,0,0,0,0
0,0,0,0,0,0,0
4.25058508708601e-05,4.28759364533999e-05,1.12896569702737e-05,7.57459551054467e-06,4.81557064882962e-06,4.39761838337921e-06,4.00770394871519e-06
0.000699414175505742,9.52724061419948e-05,6.00930998143786e-05,1.4671546548741e-05,1.55538130906693e-05,1.49906287957603e-05,6.10124494901687e-06
8.07630973327415e-05,0.000107354080575213,8.14056968965865e-05,2.29026566465458e-05,1.02992178448733e-05,4.53025771259588e-06,4.91133147437877e-06
7.39615538774916e-05,7.96924845287387e-05,4.50221382871438e-05,2.43127144486804e-05,1.42240791281245e-05,1.34827075734274e-05,1.27797872041097e-05
0,0,0,0,0,0,0
0,0,0,0,0,0,0
0,0,0,0,0,0,0
0,0,0,0,0,0,0
0,0,0,0,0,0,0
0,0,0,0,0,0,0
0,0,0,0,0,0,0
6.34836301944981e-05,6.66062100849006e-05,1.99210071185462e-05,6.70933586282379e-06,5.29084503970427e-06,3.30270057614424e-06,3.12801479356917e-06
0.000138367913271963,0.000150671152049074,4.71153513454886e-05,2.15602015429193e-05,1.75598541189603e-05,1.19585806717004e-05,8.29636217017349e-06
0,0,0,0,0,0,0
0,0,0,0,0,0,0
0,0,0,0,0,0,0
0,0,0,0,0,0,0
0,0,0,0,0,0,0
0,0,0,0,0,0,0
0,0,0,0,0,0,0
0,0,0,0,0,0,0
0,0,0,0,0,0,0
0,0,0,0,0,0,0
0,0,0,0,0,0,0
0,0,0,0,0,0,0
0,0,0,0,0,0,0
0,0,0,0,0,0,0
3.05259281173647e-06,3.00600287237509e-06,0,0,0,0,0
1.34995674155682e-05,1.33707141086215e-05,1.37485525601771e-06,1.0799416387339e-06,7.80755118572636e-07,0,0
0,0,0,0,0,0,0
0,0,0,0,0,0,0
3.15783551888768e-05,3.3386228757585e-05,1.8306819336918e-05,1.07171850837725e-05,7.06866434953393e-06,6.59470023854447e-06,6.1584996243793e-06
0,0,0,0,0,0,0
0,0,0,0,0,0,0
0,0,0,0,0,0,0
0,0,0,0,0,0,0
0,0,0,0,0,0,0
0,0,0,0,0,0,0
0,0,0,0,0,0,0
0,0,0,0,0,0,0
2.22828797056392e-05,2.38043108289279e-05,8.20283026949317e-06,3.51040605106168e-06,2.44607876682401e-06,2.27540555131195e-06,2.1162870063997e-06
0,0,0,0,0,0,0
0,0,0,0,0,0,0
8.22843252827309e-07,7.91159636933359e-07,0,0,0,0,0
0,0,0,0,0,0,0
0,0,0,0,0,0,0
0,0,0,0,0,0,0
0,0,0,0,0,0,0
0,0,0,0,0,0,0
0.000699414175505742,7.54101383547379e-05,4.11397081230678e-05,2.30615578978858e-05,1.25580555909134e-05,1.16913760511063e-05,1.11936061630925e-05
0.000699414175505742,0.000699414175505742,0.000699414175505742,0.000699414175505742,0.000699414175505742,0.000699414175505742,0.000699414175505742
0.000699414175505742,0.000699414175505742,0.000699414175505742,0.000699414175505742,0.000699414175505742,0.000699414175505742,0.000699414175505742
3.45837551614681e-06,3.40254914697537e-06,0,0,0,0,0
1.76180437221804e-05,1.7562832728268e-05,1.76683535037156e-06,1.17634687163785e-06,7.29851991827136e-07,0,0
3.90045965150178e-05,3.87866817103359e-05,3.29729455932653e-06,2.57765646383148e-06,2.03283340672514e-06,1.9249314500025e-06,1.8254421969257e-06
7.60855590443239e-05,7.52307768525669e-05,1.07409961451136e-05,8.16356331692497e-06,5.55207355130427e-06,2.53241500745323e-06,2.49335334484013e-06
0,0,0,0,0,0,0
0,0,0,0,0,0,0
0,0,0,0,0,0,0
0,0,0,0,0,0,0
0,0,0,0,0,0,0
0,0,0,0,0,0,0
0,0,0,0,0,0,0
0,0,0,0,0,0,0
3.22319128105056e-05,3.19774999537912e-05,6.27032834726223e-06,3.75470767809202e-06,2.5512302021261e-06,2.38367722502016e-06,2.22719609563923e-06
0,0,0,0,0,0,0
0,0,0,0,0,0,0
0,0,0,0,0,0,0
0,0,0,0,0,0,0
0,0,0,0,0,0,0
3.87320535209378e-05,3.88604511943084e-05,2.34596978513299e-05,1.52278814110191e-05,9.66315769773042e-06,9.15593375651149e-06,8.68617009039611e-06
4.39268775229273e-05,4.35891545652671e-05,1.26814669963408e-05,8.53047825021661e-06,5.59588937461936e-06,5.20640031712995e-06,4.84976532526814e-06
6.09616498190378e-05,6.06883958692869e-05,3.55081084022936e-06,2.5041474324468e-06,1.73935720417494e-06,1.60971114800532e-06,1.48956726845856e-06
0,0,0,0,0,0,0
0,0,0,0,0,0,0
0,0,0,0,0,0,0
2.42227208372813e-06,2.36939873204434e-06,0,0,0,0,0
0,0,0,0,0,0,0
0,0,0,0,0,0,0
0,0,0,0,0,0,0
0,0,0,0,0,0,0
0,0,0,0,0,0,0
0,0,0,0,0,0,0
9.01787728774321e-05,8.97439756453602e-05,4.81611633046167e-06,2.60291735084003e-06,2.09022989760327e-06,1.99138047741925e-06,1.21348202917527e-06
0.000104198918474552,0.000103753769408747,1.09123262321121e-05,7.00214601375592e-06,5.15798708776786e-06,2.57775358307597e-06,2.53512386427758e-06
8.63182985850778e-05,8.73705694912972e-05,7.81957017254704e-05,2.38160656960303e-05,0,0,0
9.63723728421582e-07,9.74672784208912e-07,0,0,0,0,0
4.11666007285605e-06,4.40175402477868e-06,8.34344538432563e-07,0,0,0,0
0,0,0,0,0,0,0
0,0,0,0,0,0,0
0,0,0,0,0,0,0
0,0,0,0,0,0,0
4.85310758606831e-05,4.95301212515846e-05,4.30949177523945e-05,2.78573512719505e-06,0,0,0
0,0,0,0,0,0,0
0,0,0,0,0,0,0
0,0,0,0,0,0,0
0,0,0,0,0,0,0
0,0,0,0,0,0,0
0,0,0,0,0,0,0
0,0,0,0,0,0,0
0,0,0,0,0,0,0
0.000116387394887142,0.000118516869901785,0.000100074129308665,2.65124396515985e-05,0,0,0
0.00015125565854852,0.000153498467987263,0.000134650274194968,3.50401986703115e-05,0,0,0
0.00018104092177282,0.000184857995867004,0.00016573361599411,6.91419020092877e-05,1.54513023921489e-05,7.02505908407242e-06,5.80243365709627e-06
0.000223759560875457,0.000227508816943328,0.000209834124489995,8.94914604433433e-05,1.65605828591382e-05,7.56613494511917e-06,6.24674215259771e-06
0.000145307823511332,0.000148219154531472,0.000136776801563207,3.64482190478185e-05,0,0,0
9.03156363567411e-06,8.9401420412268e-06,1.0027429248187e-06,0,0,0,0
2.60170446937289e-05,2.62162672768563e-05,9.26403727448489e-06,5.67404881035488e-06,3.30615900291693e-06,2.98926023194949e-06,2.69759819057424e-06
4.99998097677866e-05,5.13401755607633e-05,3.32377121889174e-05,2.02727012004239e-05,1.18167484015402e-05,1.12429425050675e-05,1.06868129988238e-05
0,0,0,0,0,0,0
4.56804644449959e-05,4.59673684002265e-05,2.89934438756792e-05,1.88142461370722e-05,1.17960678176717e-05,1.12086066579506e-05,1.06539168487888e-05
0,0,0,0,0,0,0
0,0,0,0,0,0,0
0,0,0,0,0,0,0
0,0,0,0,0,0,0
0,0,0,0,0,0,0
0,0,0,0,0,0,0
0,0,0,0,0,0,0
0,0,0,0,0,0,0
0,0,0,0,0,0,0
0,0,0,0,0,0,0
0,0,0,0,0,0,0
0,0,0,0,0,0,0
0,0,0,0,0,0,0
0,0,0,0,0,0,0
0,0,0,0,0,0,0
0,0,0,0,0,0,0
0,0,0,0,0,0,0
0,0,0,0,0,0,0
0,0,0,0,0,0,0
1.96522762747131e-05,1.94970288202086e-05,4.51753610770664e-06,3.076108861625e-06,1.41759774755588e-06,1.31282294493774e-06,1.21595955333603e-06
1.07891305613393e-06,1.04148096890327e-06,0,0,0,0,0
2.53533063604378e-06,2.48251411129592e-06,0,0,0,0,0
0.000100433357408891,0.000100634617320673,1.67671810199907e-05,1.12488922684213e-05,8.50101516205081e-06,4.03992384617548e-06,3.97360251370731e-06
9.45785373038504e-05,9.88293691135719e-05,1.97300051981162e-05,1.34263139990247e-05,9.14942488462017e-06,3.79719415086583e-06,3.74216748965105e-06
0,0,0,0,0,0,0
0,0,0,0,0,0,0
0,0,0,0,0,0,0
5.90433692802646e-05,5.87839295861532e-05,4.05342790101531e-06,2.21095260538162e-06,1.50189512061363e-06,1.38510390730438e-06,1.27723761559996e-06
0.000699414175505742,8.63156587216571e-05,7.39255924376875e-06,8.49250442544693e-07,8.87459851714242e-07,3.43596388854664e-07,2.95834455014738e-07
0.000699414175505742,0.000122426440286713,1.44510892147134e-05,2.73444369847907e-06,1.36226992790811e-06,6.85177241699909e-07,6.47019240064038e-07
0.00020585477793018,0.000207817322061704,1.97710930761645e-05,1.44385132484263e-05,1.4873312134623e-05,1.13535402367689e-05,9.54895010094393e-06
7.82074943405537e-05,7.96491380145363e-05,4.69264434620103e-05,3.68245228864579e-06,0,0,0
1.68718260238666e-06,1.69050964428003e-06,0,0,0,0,0
5.19413829224707e-06,5.06877206037674e-06,1.15885544690931e-06,7.92040512005232e-07,0,0,0
1.06200550403333e-05,1.0437318256698e-05,3.81344676674856e-06,2.65463626446836e-06,1.77410025875179e-06,1.57632343604433e-06,7.6461294350452e-07
0,0,0,0,0,0,0
0,0,0,0,0,0,0
0,0,0,0,0,0,0
0,0,0,0,0,0,0
0,0,0,0,0,0,0
0,0,0,0,0,0,0
0,0,0,0,0,0,0
0,0,0,0,0,0,0
0,0,0,0,0,2.43286504090816e-06,5.69218519800363e-06
0,0,0,0,0,0,0
0,0,0,0,0,0,0
0,0,0,0,0,0,0
0,0,0,0,0,0,6.57095155458842e-06
0,0,0,0,0,0,0
0,0,0,0,0,0,0
0,0,0,0,0,0,0
0,0,0,0,0,0,0
0,0,0,0,0,0,0
9.18054167726269e-07,8.84390619978066e-07,0,0,0,0,0
4.3106995235084e-06,4.27246375266279e-06,0,0,0,0,0
0.000699414175505742,0.000164001449297538,2.69725501285841e-05,7.98180644507818e-06,6.20416428335136e-06,5.13533612041248e-06,4.57495763153311e-06
0.000197345512664379,0.000204579424608037,3.03335138327496e-05,3.57124463785547e-05,2.53534749760831e-05,2.08256589243303e-05,1.89467219262385e-05
0.00014120610037407,0.000143155869331649,2.02307430193531e-05,1.57001341578687e-05,1.54497549359185e-05,1.10343149719739e-05,9.99230174177345e-06
0,0,0,0,0,0,0
0,0,0,0,0,0,0
0,0,0,0,0,0,0
0,0,0,0,0,0,0
0,0,0,0,0,0,0
1.25023140081865e-05,1.25057239513745e-05,0,0,0,0,0
0,0,0,0,0,0,0
0,0,0,0,0,0,0
0,0,0,0,0,0,0
0,0,0,0,0,0,0
4.82490929045107e-05,4.81444823595263e-05,0,0,0,0,0
0,0,0,0,0,0,0
0,0,0,0,0,0,0
0.000699414175505742,0.000173126021488041,2.80022559453498e-05,5.56521457943014e-06,1.93377769714146e-06,1.86434336912678e-06,1.69769758784455e-06
3.11038204661732e-05,3.09166439466741e-05,1.20175389983502e-06,0,0,0,0
5.71990749827137e-05,5.69384985782278e-05,0,0,0,0,0
1.48703262851904e-05,1.48577666918533e-05,1.23600564539417e-06,0,0,0,0
2.42381788025979e-05,2.3853279717013e-05,9.3111113671649e-06,1.0607945496269e-06,0,0,0
4.42944607862058e-05,4.42128632775048e-05,5.11658770093147e-06,1.66342998644058e-06,0,0,0
6.34244669656324e-05,6.30395506239531e-05,1.22895376043914e-06,0,0,0,0
2.80519619236862e-05,2.838080204721e-05,3.96819974789035e-06,1.26803982244642e-06,0,0,0
1.59866636834067e-05,1.59829324312238e-05,2.91598447883076e-06,9.04158676179234e-07,0,0,0
0,0,0,0,0,0,0
7.36858529213351e-07,7.19804273002857e-07,0,0,0,0,0
0,0,0,0,0,3.15850407132218e-06,5.06635973224198e-06
0,0,0,0,0,0,0
0,0,0,0,0,0,0
0,0,0,0,0,0,0
3.69410629378253e-06,3.66073079605062e-06,0,0,0,0,0
0.000699414175505742,8.5528854033813e-05,5.74629102454788e-06,2.68934324923773e-07,8.88745066567765e-09,2.8646454671173e-10,9.02498667832005e-12
0,0,0,0,0.000258288650143761,0.00178065439811674,0.00123426257550432
0,0,0,0,2.11848399187505e-05,3.78921023469009e-05,4.66767796339371e-05
0,0,0,0,0,0,2.08132845945646e-06
3.87215301455783e-05,3.85040621759168e-05,0,0,0,0,0
1.00379418810005e-05,9.89000893758832e-06,0,0,0,1.36791935928087e-06,2.18598409567749e-06
0,0,0,0,0,0,0
0,0,0,0,0,0,0
0,0,0,0,0,0,0
0,0,0,0,0,0,0
0,0,0,0,0.000823500291576243,0.00139239764678235,0.00196438739281071
0.000699414175505742,0.000137397809264761,2.08622881233811e-05,6.4296523954163e-06,4.63035947500149e-06,3.33476055531967e-06,2.98297303356319e-06
0,0,0,0,0,0,0
0,0,0,0,0,0,0
0,0,0,0,0,0,0
0,0,0,0,0,0,0
2.58595280175323e-06,2.57144265483484e-06,0,0,0,0,0
1.05352839694931e-05,1.04779081138163e-05,0,0,0,0,0
3.43680134640369e-05,3.41841539861085e-05,0,0,0,0,0
0.000699414175505742,6.31378387090599e-05,3.29080881054631e-06,1.25215451467529e-07,3.5781224346326e-09,1.00082459773387e-10,2.74424972194185e-12
0.000699414175505742,0.000116257861904039,1.32040655775595e-05,1.93617130821246e-06,4.68033514397197e-07,1.83116253123331e-08,6.97167144111611e-10
0,0,0,0,0,0,0
0,0,0,0,0,0,0
0,0,0,0,0,0,0
0,0,0,0,0,0,0
0,0,0,0,0,0,0
0,0,0,0,0,0,0
0,0,0,0,0,0,0
0.000699414175505742,0.000313655821786652,0.000131747157260333,2.20145387958145e-05,1.96645042651262e-06,1.68420464801429e-07,1.38218644450616e-08
0,0,0,0,0,0,0
0,0,0,0,0,0,0
3.04258325816814e-05,3.25299142753892e-05,3.16258435633988e-05,0.0795092978516019,0.294804419090808,0.416498417628336,0.56383056720526
0,0,0,0,0,0,0
0,0,0,0,0,0,0
2.89696193848748e-06,2.87050763690051e-06,0,0,0.000823503924842024,0.0014004323976779,0.00197818898858374
0,0,0,0,0,0,0
1.39980402030992e-06,1.39284850676987e-06,0,0,0,0,0
6.35308638156767e-06,6.32057240160797e-06,0,0,0,0,0
2.02796788600053e-05,2.01742733486729e-05,0,0,0,0,0
0.000117536167274821,0.000120138252626131,1.49493710062568e-05,1.06987803056416e-05,6.01898461410102e-06,6.39346223329532e-06,5.71755098258466e-06
0.000126133658850784,0.000132487315462674,2.29122227787593e-05,2.36628833074444e-05,1.58540652593319e-05,1.66018175750543e-05,1.47196046903674e-05
0.000185565192378782,0.000195431244629073,3.19943141571758e-05,3.89803759751424e-05,2.84862805786542e-05,2.63537961600497e-05,2.40766383512256e-05
8.67126952316757e-05,8.72087654862072e-05,5.96518376306887e-06,2.65655341572522e-06,1.24835843358286e-06,0,0
2.97196508519331e-06,3.01099652166726e-06,0,0.136346487019173,0.525066544048252,0.728772543524275,0.968639960266914
0,0,0,0,0,0,0
0,0,0,0,0,0,0
4.25581150017168e-05,4.23047723385879e-05,7.86409953445883e-07,0,0,0,0
0.000699414175505742,0.000276832383338762,9.82668443894237e-05,1.4694871430016e-05,1.21606629702505e-06,9.62129848986849e-08,7.27468102735194e-09
0,0,0,0,0,0,0
0,0,0,0,0,0,0
0,0,0,0,0,0,0
0,0,0,0,0,0,0
0,0,0,0,0,0,0
0,0,0,0,0,0,0
0,0,0,0,0,0,0
0,0,0,0,0,0,0
0,0,0,0,0,0,0
0,0,0,0,0,0,0
0,0,0,0,0,0,0
0,0,0,0,0,0,0
0,0,0,0,0,0,0
0,0,0,0,0,0,0
0,0,0,0,0,0,0
0,0,0,0,0,0,0
0,0,0,0,0,0,0
0,0,0,0,0,0,0
3.42173855251824e-05,3.38053888804808e-05,0,0,0,0,2.65165326914972e-06
8.10979540723827e-05,8.51694844669288e-05,1.33102950258333e-05,5.30951789578756e-06,0,0,0
0.000115885796804066,0.000116654824937913,6.12024619525664e-06,1.34333712427284e-06,0,0,0
0,0,0,0,0,0,0
0,0,0,0,0,0,0
0,0,0,0.0085718886286382,0.0176390566935429,0.0212179865439948,0.0392863380737409
0,0,0,0,0,0,0
0,0,0,0,0,0,0
0.000699414175505742,0.000325016453412364,0.000129432799974081,2.20235342444413e-05,1.95334574277462e-06,1.65444078303391e-07,1.33754191960562e-08
0,0,0,0,0,0,0
5.25930656536286e-05,5.21788939947286e-05,0,0,0,0,0
1.08626424085328e-05,1.07815376869001e-05,0,0,0.000347267864973197,0.00181195954389409,0.000999449452908333
3.66643912951596e-06,3.69310928629678e-06,0,0.0747936610524283,0.299775903743258,0.424098206668815,0.626701580823906
0.00017737558661678,0.000186849596419567,0.000186455792706858,0.255111416179652,0.775330430840606,1,1
1.19094984344257e-06,1.2012565679956e-06,0,0,0.000347263070774112,0.00181225272519685,0.000962145777351173
5.21633789146169e-05,5.32224743191236e-05,8.60048719611041e-06,6.31082223834078e-06,2.48177469774029e-06,7.05987249385721e-07,0
9.28274747332177e-05,9.6039598177225e-05,1.86904538325576e-05,1.48366417744756e-05,8.30821578075194e-06,7.72386726541342e-06,6.99285123370765e-06
0,0,0,0,0,0,0
0,0,0,0,0,0,0
2.20413107810063e-05,2.20549687345039e-05,2.06914497364117e-06,8.94629940110645e-07,7.04199728136382e-07,0,0
9.8053579033294e-06,9.76987572342286e-06,0,0,0,0,0
0,0,0,0,0,0,0
0,0,0,0,0,0,0
0,0,0,0,0,0,0
1.05092278466131e-06,1.04965467728727e-06,0,0,0,0,0
3.06005026581619e-06,3.05389746310775e-06,0,0,0,0,0
8.0485194213159e-05,8.14626903910789e-05,4.78721509909832e-06,7.42055682436922e-07,0,0,0
0.000699414175505742,0.000285007438134038,0.000101292579025638,1.57463008433451e-05,1.31687497585972e-06,1.05325464660351e-07,8.05349670847414e-09
0.000699414175505742,8.22046543086951e-05,1.7904890208748e-05,1.36567167485955e-05,8.96897355442105e-06,8.61860559776002e-06,7.7409782114078e-06
0.000699414175505742,0.000272612682944652,9.52961492492728e-05,1.36817069152579e-05,1.11074486463647e-06,8.62649243465844e-08,6.40546690480431e-09
0,0,0,0,0,0,0
0,0,0,0,0,0,0
7.50136836414839e-06,7.47820577555734e-06,0,0,0,0,7.59562256242819e-06
4.2479817613276e-05,4.36104851416371e-05,1.00169094454723e-05,6.54418626867965e-06,2.73249251253469e-06,8.46421895292239e-07,8.4162447253514e-07
4.56115442373213e-06,4.54802428792464e-06,0,0,0,0,0
1.78062848696783e-05,1.79248723829888e-05,3.67157744001243e-06,2.24626163465713e-06,9.28224749517298e-07,0,0
1.12720230921114e-06,1.12611830180678e-06,0,0,0,0,0
0,0,0,0,0,0,0
0,0,0,0,0,0,0
0,0,0,0.0129544118340737,0.0711206733301416,0.116611463324199,0.147830508529073
0,0,0,0.0119882695137366,0.0589344340182459,0.0662759038681678,0.0658919121925042
0,0,0,0,0,0,0
0,0,0,0,0,0,0
0,0,0,0,0,0,0
8.65317191385983e-07,8.89058993958335e-07,0,0,0,0,0
0.000699414175505742,0.000267825419553213,9.5586521824294e-05,1.7176073536815e-05,1.41751477618767e-06,1.12156813352229e-07,8.50345756164372e-09
0,0,0,0,0,0,0
0,0,0,0,0.00172895183170201,0.00234305767282047,0.00304239810758831
0,0,0,0,0,0,0
0,0,0,0,0,0,0
0,0,0,0,0,0,0
0,0,0,0,0,0,0
0,0,0,0,0,0,0
0.000102649492562511,0.000205444349735371,0.000240087697958982,0.000287375811777959,0.000100430727053661,5.6422915819069e-05,3.21281049169599e-05
4.73870135227685e-05,8.20034332107242e-05,5.20349869466802e-05,4.12895128943257e-05,1.3796940448983e-05,1.78864166799639e-05,8.10482252171496e-06
1.20382467768495e-05,2.32849443278128e-05,1.66517089991847e-05,1.26827318893517e-05,0,0,0
1.82715961322474e-06,1.84915064868502e-06,0,0,0,0,5.47972605796477e-06
8.30013227544208e-05,8.58186202720217e-05,2.13776080019894e-05,1.6286575953439e-05,8.15625326051498e-06,6.46062495496736e-06,5.92951156434447e-06
0.000699414175505742,7.85892258988358e-05,2.06272640960244e-05,1.40438144016091e-05,7.96401761126495e-06,6.48918598497663e-06,5.94324814994572e-06
7.31851431515978e-05,7.54800871147115e-05,8.29781865975508e-06,1.78934763908514e-06,8.35546756504697e-07,7.94197138713689e-07,7.55229082904914e-07
4.39446162368843e-05,4.39976832360022e-05,0,0,0,0,0
0,0,0,0,0,0,0
0,0,0,0,0,0,0
0,0,0,0,0,0,0
0,0,0,0,0,0,0
8.60517586785579e-05,8.75388778724006e-05,8.31505964570557e-06,2.41304889392506e-06,1.12899487149118e-06,1.0756875928307e-06,1.02535216311988e-06
0,0,0,0,0,0,0
0,0,0,0,0,0,0
0,0,0,0,0,0,0
0,0,0,0,0,0,0
0,0,0,0,0,0,0
4.18361656866947e-06,4.16583317297652e-06,0,0,0,0,0
0,0,0,0,0,0,0
0,0,0,0,0,0,0
0,0,0,0,0,0,0
0,0,0,0,0,0,0
1.39589442875e-05,1.3934813888314e-05,3.31279067664635e-06,1.84359783163157e-06,0,0,0
3.69728135778164e-05,3.64850717518473e-05,9.82792765032297e-06,6.53332083863563e-06,2.33294845002795e-06,8.13635175814214e-07,8.02028820413713e-07
7.42166760445695e-05,7.62989267587055e-05,2.22109916145345e-05,1.65376112451485e-05,8.55201922425006e-06,4.02881683225636e-06,3.93989480835037e-06
0,0,0,0,0,0,0
0,0,0,0,0,0,0
0,0,0,0,0,0,0
0,0,0,0,0,0,0
0,0,0,0,0,0,0
0,0,0,0,0,0,0
0,0,0,0,0,0,0
0,0,0,0,0,0,0
0,0,0,0,0,0,0
0,0,0,0,0,0,0
0.0010381124956069,0.000455308627248459,0.000466646831303645,0.000346406968130224,0.000251433580929924,0.000500891951558333,0.000175398076114921
0.00236936499541233,0.00141578495700897,0.00126571461511753,0.000925305245988569,0.00105668976410838,0.00130280301360762,0.00145963534342297
0.113489195913083,0.149023488971706,0.178214626719059,0.221040051140033,0.19508069193052,0.161109239120495,0.133859042501634
0.247768961611744,0.264602654734177,0.327682372563093,0.451722465911163,0.593016640889421,0.695664240289185,0.768027791520704
0.0471328832145119,0.0213530632927189,0.0183758510133976,0.0274075782103733,0.0083595089380968,0.00703779198721235,0.00672966468673419
1,1,1,1,1,1,1
0.0616775207925821,0.0302632389456063,0.0267507880020438,0.0167670482886123,0.00927445730030684,0.00783546190338219,0.00741338523785935
0.00101926703905136,0.000451982233222345,0.000460927663855288,0.000334854069718103,0.000240475649542255,0.000200945428730486,0.000158496449779769
0.00156237316157934,0.000794388084057242,0.000405746981283839,0.000181952350834098,7.07174900029178e-05,9.54647249302572e-05,8.19316274355372e-05
0.00512946100383237,0.00292412651010809,0.00218927328689165,0.00132606782814017,0.00119153953705961,0.00137186801902711,0.00150839481400679
0.031223588357877,0.0313219221286914,0.0291918429620714,0.0193032766802652,0.00578633116480805,0.0046983521051842,0.00445027366332631
0.0476986569624808,0.0479469606168172,0.0444814891877122,0.0280761006660858,0.0185529291798853,0.00714411786621511,0.00647309690139148
0.0962933517957893,0.109671574191199,0.113277247776246,0.0587030309155194,0.0175489606293816,0.00964917219093248,0.00803012311790574
0.0169657640654401,0.0101234594441451,0.00794198829911198,0.00386237591542582,0.00134263521220495,0.000801151705979331,0.000123622279893551
0.0271478739766789,0.0317030835452506,0.0337437450182497,0.0172789976369675,0.00559980609515398,0.00321395399864439,0.00263717224060268
0.0219160176647497,0.0150500352525032,0.0118056717924416,0.00533270108712544,0.00184366522275854,0.00113677719621687,0.000957009564017895
0,0,0,0,0,2.46783618011789e-06,3.13375633755479e-06
0.0245966588729843,0.0249049685394422,0.0217422279224298,0.0129735929052833,0.00780666516360211,0.00655292676919582,0.00257866463137182
0.00286793862176707,0.00441030090306124,0.00538135887494308,0.00469759624878557,0.00682105321918121,0.00344595215871348,0.00294206483306046
0.000119782171122431,0.000298129861601616,0.000335030855861764,0.00030709100407038,9.2721412799038e-05,6.64979049572028e-05,4.25116612711635e-05
0.000699414175505742,0.000266415341439172,0.000106573926491693,2.9295969515035e-05,5.42723783284933e-06,3.53434995694222e-06,3.23724164162722e-06
0.000139919281674128,0.00015296299903141,3.87694344686457e-05,1.25943432581033e-05,3.25584249767818e-06,3.09513265741686e-06,2.94366225285912e-06
0.000699414175505742,0.000699414175505742,0.000699414175505742,0.000699414175505742,0.000699414175505742,0.000699414175505742,0.000699414175505742
0.000699414175505742,0.000699414175505742,0.000699414175505742,4.04715605591846e-05,1.48752132276814e-05,1.23994115924396e-05,1.16887310693533e-05
0.000699414175505742,0.000699414175505742,0.000699414175505742,0.000699414175505742,0.000699414175505742,0.000699414175505742,0.000699414175505742
0.000699414175505742,0.000699414175505742,0.000699414175505742,0.000699414175505742,3.0674625199005e-05,1.71928666713476e-05,1.54513755598005e-05
0.00797652275053244,0.0103137442160092,0.010892061787716,0.00527791986853186,0.00117736681148605,0.000699414175505742,8.04530140789231e-05
0.0203918273383111,0.016329997911149,0.01370057854047,0.00625787336430907,0.00180307899935787,0.000899402964839279,0.000529028676415576
0.00611979524385277,0.00896074211128315,0.0109167271963889,0.00708444785472482,0.00154485139306755,0.000699414175505742,0.000699414175505742
0.00705969534714271,0.0109468506353337,0.0145123289020749,0.0127254644532303,0.00266626320263591,0.000699414175505742,0.000699414175505742
0.125166750375867,0.135379211249579,0.133895967091158,0.0679022498950375,0.0230630875840453,0.0148736216043856,0.0131728233083533
0.0151687726338733,0.00907678414194748,0.00660548313808289,0.00306784885894699,0.00113903753106427,0.000736600119280064,9.88067639408253e-05
0.00721946138428185,0.00508753195933855,0.00393345803468669,0.00161826240869576,0.000289552814364012,7.25719498243339e-05,3.18349813944849e-05
0.0155073731453242,0.0100088500841845,0.00743128581167053,0.00327143852658686,0.0012386119080972,0.000791468245961437,0.000523909165625211
0.0066182128240962,0.00560967110929946,0.0046407524575877,0.00189890222264123,0.00030237138778983,6.96611415121764e-05,3.43827997980398e-05
0.0202042056901552,0.0210977956172285,0.0200110936488294,0.0122512246610015,0.00651084624012876,0.00551947487585767,0.00512980513657516
0.0127920751878308,0.0152387358755876,0.0155565962665788,0.0065757738894579,0.00140452797557947,0.000699414175505742,0.000699414175505742
0.014597070534562,0.0172747238131195,0.0182242046873558,0.00983917941915971,0.00198280317530219,0.000699414175505742,0.000699414175505742
0.0278910535539728,0.0279130664165385,0.0256344723118066,0.0164285333326596,0.0111348842710456,0.00988678313926813,0.00937112132945491
5.00889871954131e-05,0.000104832028364512,0.000158147613621005,0.000212095362614719,7.51130969261195e-05,3.19701848727275e-05,2.0464044128752e-05
0.00271244834614482,0.00357686406435148,0.00387925845845574,0.00188452400153698,0.000699414175505742,0.000699414175505742,0.000699414175505742
0.00393423007291073,0.00519044074011388,0.00575293074920469,0.00296581237327443,0.000712236909200602,0.000699414175505742,0.000699414175505742
0.00073740892825777,0.00086013184457496,0.000778048535967917,0.000699414175505742,0.000699414175505742,0.000699414175505742,0.000699414175505742
0.00214499385570921,0.0016002759955301,0.00127196918823144,0.000418725991758484,9.33377093437063e-05,2.51799525550917e-05,9.33708787389429e-06
0.000852926574370412,0.000481641314187275,0.000301241495431025,9.30281931898101e-05,1.61024588918448e-05,1.04086138965436e-05,8.80165719389038e-06
0.000699414175505742,6.68172685196093e-05,1.78879980477038e-05,1.31917110663772e-05,1.65423364682342e-05,5.55969302528124e-06,4.96749153503099e-06
0.00890781480153033,0.00922222126002017,0.00764897850689886,0.00528811338830169,0.00162806920317513,0.00117727928509355,0.0010950704951282
0.0185954551453569,0.0088855723269648,0.00717787952611287,0.00496621443895733,0.00340538485405143,0.00679243504615411,0.00662809030825102
0.0155092001840076,0.00835069907522489,0.00681862904692196,0.00368762471485927,0.00168021465230865,0.00122069493605532,0.00107766181194072
0,0,0,0,0,0,0
0,0,0,0,0,0,0
0,0,0,0,0,0,0
0,0,0,0,0,0,0
0,0,0,0,0,0,0
0.0157298229334263,0.0159127925780648,0.0142589052751097,0.00884763993237062,0.00546912604800744,0.00196615255522731,0.00173668523420004
0.010467011567015,0.011595143740232,0.0102305843854654,0.00216299395569448,0.000331428696394765,0.00020562293470996,0.000131254582008519
0.00185953080129286,0.00201400683836502,0.00152271036314556,0.000800887450412774,0.000699414175505742,0.000699414175505742,0.000699414175505742
0.00504814695367838,0.00519233051771273,0.00438697674576264,0.00153025786822567,0.000699414175505742,0.000699414175505742,0.000699414175505742
0.00598315083054447,0.00293611406032875,0.00209833193994874,0.0014627419051668,0.00102565108327966,0.000812038677106716,0.000754380202580992
0,0,0,0,0,0,0
0,0,0,0,0,0,0
0,0,0,0,0,0,0
0,0,0,0,0,0,0
0,0,0,0,0,0,0
0,0,0,0,0,0,0
0,0,0,0,0,0,0
0,0,0,0,0,0,0
0.0170538719204835,0.0192802319176923,0.0182440810820174,0.00875425310374136,0.00178765134261972,0.000699414175505742,0.000699414175505742
3.25150859530782e-05,3.17867616392033e-05,9.13473227657101e-06,6.08952699326501e-06,2.86267374528973e-06,1.63666448664419e-06,1.58820330654489e-06
0,0,0,0,0,0,0
0,0,0,0,0,0,0
0,0,0,0,0,0,0
0,0,0,0,0,0,0
0,0,0,0,0,0,0
0.011412278833448,0.013405540262791,0.013156306317288,0.00529855284789252,0.00120668253947825,0.000699414175505742,0.000699414175505742
1,1,1,1,1,1,1
0.0204524054873365,0.0357910575768061,0.0483915054351343,0.0555583664694788,0.0256161776378108,0.0175474618969985,0.0160208823707749
0.0176234811279613,0.0109190217699696,0.00880585575792781,0.0043922190855308,0.00168218801069533,0.00108365564695555,0.00221078047676432
6.26077595323099e-05,6.39052687282004e-05,1.78172688891102e-05,1.33085722942301e-05,6.96829619756275e-06,4.65464382363505e-06,4.52868626919068e-06
0.000699414175505742,0.000263840386390872,0.00014080047844648,4.83954346233954e-05,1.17883483877299e-05,4.33479178664893e-06,3.67782806545454e-06
0.000699414175505742,0.00019955703263071,5.41221023235214e-05,9.67212256284455e-06,2.74292189606558e-06,9.7988192805874e-07,8.33014682061036e-07
0.0108591246998846,0.00520788979015486,0.00415957203136176,0.00272983440975672,0.00173282014891717,0.00137386647460147,0.00129838165518896
0.000699414175505742,0.000721415905699433,0.000699414175505742,0.000699414175505742,0.000699414175505742,3.18948841457619e-05,1.27719004862375e-05
0.0152038694835652,0.0152821920501409,0.0139532742909664,0.00422878075843722,0.00252823781528708,0.00204884835483142,0.00192283158478726
0.0151171625933268,0.0107562647457895,0.00853537918505408,0.00378978486487054,0.000742997365233989,0.000134844512858308,0.000103178245466336
0.00475397554978027,0.00366169523313579,0.00296370644409309,0.00120330600897959,0.000195567974343443,4.53132387892332e-05,1.60262079881662e-05
0.000116908218798307,0.000121113222559345,3.93441498423208e-05,3.03478222700738e-05,1.7774311271732e-05,1.5757553016903e-05,1.50750779379105e-05
0.000699414175505742,9.28524372769964e-05,2.90935456074064e-05,2.08522330804823e-05,3.15755288675603e-05,2.91166304526636e-05,2.73057371863477e-05
0.000699414175505742,0.000699414175505742,0.000699414175505742,0.000699414175505742,0.000699414175505742,0.000699414175505742,0.000699414175505742
0.0188556874532126,0.0126910732679744,0.00935079998170541,0.00397295263868578,0.00133252747113163,0.000787527112300149,0.000509410542427319
0.0164712471168134,0.0164569093487065,0.0150647566985185,0.00960714117535326,0.00272381522109917,0.00210660058352082,0.00195322129635954
0.0127122559150133,0.0127353844892842,0.0115001584107587,0.00730889701537888,0.0047788476913965,0.00392575589244231,0.00360335909310502
4.05910009607916e-06,3.34191638493214e-06,7.53826649640185e-07,0,0,0,0
1.15224284054063e-05,1.07322043363282e-05,2.21126063008654e-06,8.67415608907012e-07,0,0,0
0,0,0,0,0,0,0
0,0,0,0,0,0,0
0,0,0,0,0,0,0
7.64671394883553e-05,7.75472244863725e-05,4.3403990923555e-06,1.99985284139416e-06,0,0,0
0.000699414175505742,0.000699414175505742,0.000699414175505742,0.000699414175505742,0.000699414175505742,0.000699414175505742,0.000699414175505742
1.67133290719003e-05,1.64794993667743e-05,0,0,0,0,0
0.00835345041685018,0.00445359575828577,0.00320399142878031,0.00170008111090216,0.000309236470042951,0.00026575660781996,0.000183241414152389
0.0022905671498473,0.00242445276315224,0.00191267336787746,0.0010269821993548,0.00012610952443087,3.04492791491217e-05,2.26186552896761e-05
0,0,0,0,0,0,0
0,0,0,0,0,0,0
0,0,0,0,0,0,0
0,0,0,0,0,0,0
0.00465383155070464,0.00472431856183742,0.00408919505357501,0.00146408354321279,0.000699414175505742,0.000699414175505742,0.000699414175505742
0.00123156032682382,0.00135394083994539,0.00104542316510561,0.000699414175505742,6.86756685472472e-05,1.62126643188135e-05,1.00243933618197e-05
0.000699414175505742,7.49792073714174e-05,2.790476618099e-05,1.87171041831651e-05,1.2929299324454e-05,1.14355479529251e-05,1.02873945357574e-05
0.000699414175505742,0.000115510391862231,5.70450368393938e-05,3.28741408421264e-05,1.77685561572007e-05,1.24112559252824e-05,9.89288397912232e-06
0.00986974382128872,0.0044910162176328,0.00357396730018834,0.00219340181974952,0.00135585766036129,0.00106399047550813,0.000956134540205326
0.00712364081207397,0.00765389840828796,0.00643462647592082,0.00129938970913804,0.000239823176277198,0.00018011469790586,0.000116413077450607
0.00471183821449009,0.00547144675794047,0.00457770825747833,0.00112190735059946,0.000180791786419622,5.306909532907e-05,3.17294246658761e-05
8.62950026025389e-05,8.66594009350362e-05,2.53727730859742e-05,1.88107998011818e-05,1.15081873234222e-05,9.39209155911508e-06,9.21172409231208e-06
0.000699414175505742,7.26555309169549e-05,3.84633454400088e-05,2.95951598368317e-05,1.91064070583664e-05,1.65868788544682e-05,1.55710964121961e-05
0.00568610126138333,0.00572879026614114,0.00511140879077788,0.00314965366751128,0.000742772892990981,0.000699414175505742,0.000699414175505742
0.0132865598444816,0.00931174074769422,0.00702714218608751,0.00241882174714225,0.000379019013411331,8.82207883989176e-05,8.12101315262201e-05
0.0060575991137558,0.00433721712684935,0.00355840879589273,0.0014918116975077,0.000258621249453532,5.83747411447704e-05,1.76738815585655e-05
0.00290117172003171,0.0020724798527623,0.00158138985115958,0.000455141676469747,8.46384730490257e-05,1.29932864358175e-05,8.19444933948011e-07
0,0,0,0,0,0,0
0,0,0,0,0,0,0
0,0,0,0,0,0,0
0,0,0,0,0,0,0
0.0133024501389589,0.0145112187384927,0.0224978679383886,0.0222886392735247,0.0127463001117867,0.0108083370432851,0.0104244812038959
1.08391735164737e-06,1.07985748600987e-06,0,0,0,0,0
9.34662761833723e-06,9.27290733597376e-06,2.48256113181719e-06,7.24564088484803e-07,0,0,0
0,0,0,0,0,0,0
0,0,0,0,0,0,0
0.000750077454192166,0.00038026987393816,0.000255735858871043,0.000101601314490821,2.03019404243883e-05,4.00971685215685e-06,1.87608609431368e-06
3.07876379903383e-05,3.10425763295172e-05,8.79380504190798e-06,6.86747303844527e-06,3.81234925483305e-06,2.70020780792704e-06,1.92964391281788e-06
0.00724564645516211,0.00730190281761115,0.00654272487237803,0.00411640254703606,0.00244178668313693,0.00182096434814693,0.000527138572409617
0.00651542793407761,0.00673630291967718,0.005960004648903,0.00373861577684455,0.00228042004414793,0.000163507252848217,0.000203855573133875
9.40471583874814e-05,0.000184096388952541,0.000300376302237989,0.000288766437841033,9.42177046306578e-05,3.92547128405336e-05,3.02843885936463e-05
8.32322809131721e-05,0.000195236995491202,0.000213664499515911,0.000244139697908865,7.61016115573344e-05,3.97963645196771e-05,3.10138419980839e-05
2.1624235549607e-05,4.69812285218296e-05,4.82462847141231e-05,5.42366304185016e-05,0,0,0
0,0,0,0,0,0,0
0.000699414175505742,6.60492736102309e-05,2.04509616286242e-05,1.41847597608032e-05,2.46655060173008e-05,2.22117230924122e-05,8.5590698157194e-06
0.00109882052642502,0.000768004067468192,0.000401650174078717,0.000125291266889669,1.94138445319414e-05,2.33208381977546e-06,1.4220858414738e-07
0.000699414175505742,0.000266203311158687,0.000116847133946864,3.24344843493089e-05,5.63686100963974e-06,3.26075341609981e-07,1.80183368332749e-08
5.5770172785397e-05,5.64382927593504e-05,1.62526963335529e-05,1.3155098526885e-05,7.84716499074925e-06,5.31310626813542e-06,5.18047870498722e-06
0.0107593844870228,0.00564347424278428,0.00437500407475825,0.00574668956331227,0.00364352565814773,0.00287432023801018,0.00117708677212038
0.000699414175505742,0.000179783328798497,5.12393933040932e-05,1.36448041438078e-05,4.47966119259904e-06,7.74064101327821e-07,5.5125891017063e-07
0,0,0,0,0,0,0
0,0,0,0,0,0,0
0,0,0,0,0,0,0
8.51251795444595e-05,8.56798636320979e-05,7.12148601355708e-06,1.26224255018301e-06,0,0,0
3.90962202594751e-05,3.97051663935959e-05,1.73587608901292e-06,9.50971831519445e-07,0,0,0
0.018301159696355,0.0205149322710785,0.0197050459237909,0.00938705860603085,0.00186001975825859,0.000699414175505742,0.000699414175505742
0.00490137141825292,0.00285282604083639,0.00190617091659227,0.000797819351674658,0.000699414175505742,0.000699414175505742,0.000699414175505742
0.00331651156050703,0.00215809349050811,0.00157114603626913,0.000491485311950858,0.000117811753139529,3.68365606135413e-05,2.20184858489677e-05
0.000302190269161908,0.000314334737338274,0.000239552343005997,0.000140928796489535,6.01250304734409e-05,4.30022699628883e-05,3.44116225425425e-05
1.45895724944344e-05,1.6430555896882e-05,1.81335473580417e-06,9.67883522894819e-07,0,0,0
0.00367178575339792,0.00274845704625272,0.00216964649551739,0.000847636230413177,0.000137044079003454,3.2645271953778e-05,1.65288673453041e-05
0,0,0,0,0,0,0
0,0,0,0,0,0,0
0,0,0,0,0,0,0
0,0,0,0,0,0,0
0.000699414175505742,0.000266394818592479,0.000169123404000913,0.000188313099682553,7.20625426564442e-05,3.06936303854564e-05,2.1738810105593e-05
0.00186391535813559,0.00106980629038829,0.000783724842268883,0.000319142474533053,0.000111389907970897,3.60070813956104e-05,2.67770532265009e-05
0.00784789090398914,0.00431915855349851,0.00306478343731338,0.00157806308584789,0.00030598435579126,0.000236247319729831,0.000162617212838933
0,0,0,0,0,0,0
0,0,0,0,0,0,0
0,0,0,0,0,0,0
0.000134148560140198,0.00014503165702196,7.67142908604501e-05,3.80336692339362e-05,1.95089682992644e-05,1.49842426466838e-05,1.05731347461641e-05
0.00323777441528403,0.00253029040797345,0.00214062524130314,0.000895321822242029,0.000155444731516344,3.53608365732795e-05,9.40564795567886e-06
4.54535258064608e-05,4.59257175041112e-05,1.24437980139182e-05,9.85621029013801e-06,5.53613440471553e-06,4.64529633051872e-06,4.54987469202293e-06
0.00536196445442769,0.00306776453876714,0.00244508099686932,0.00173428559371604,0.00073221698484432,0.000699414175505742,0.000699414175505742
8.32741378774164e-05,8.75520493808822e-05,3.36808095704727e-05,1.98063430911759e-05,1.23596372126299e-05,1.21533676550246e-05,1.04249559322687e-05
0.00218484633204694,0.00232856127608056,0.0018171747405962,0.000890053195271632,0.00011052005172604,2.29224593815825e-05,1.43989910250899e-05
0,0,0,0,0,0,0
0.000358121492229983,0.000415521875894374,0.00027098941803647,0.000119175576742817,3.66017726321957e-05,1.37429619452415e-05,9.19229528696979e-06
0.00545155174932766,0.00261581704168761,0.00196275993078707,0.000703306668656396,0.000192203424360105,0.000131298676577062,9.27841373125314e-05
0.00663166445817267,0.00325271768491786,0.00245327553126307,0.000848337002712908,0.000741965284034427,0.000699414175505742,0.000699414175505742
0,0,0,0,0,0,0
0,0,0,0,0,0,0
0,0,0,0,0,0,0
0,0,0,0,0,0,0
0,0,0,0,0,0,0
0,0,0,0,0,0,0
0,0,0,0,0,0,0
0,0,0,0,0,0,0
6.70521393591562e-05,6.83120316508676e-05,1.81970628492566e-05,1.3775107795974e-05,9.2684548778773e-06,8.28773908825166e-06,8.14018420162669e-06
7.20700966093645e-05,7.38052388026439e-05,2.29105858841886e-05,1.58706560661994e-05,1.04543652867679e-05,1.0188642993306e-05,9.22740865372334e-06
0.000699414175505742,0.000351937433200448,0.000216791519262484,6.85984110494938e-05,6.83413611200302e-06,4.13673790369719e-07,2.38535697936498e-08
0.000699414175505742,0.000259238545874292,0.000111887202257667,2.68376678888847e-05,1.59060006349196e-06,8.99652703611912e-08,4.86381581420182e-09
0.000699414175505742,0.000215337460205906,6.56353925440813e-05,1.54713814939963e-05,2.69331356754646e-06,2.24221886248502e-07,1.80053913252677e-08
7.32986000389253e-05,7.43606169749878e-05,7.65049791943583e-06,5.18467505425052e-06,0,0,0
1.94850399068e-05,1.97189840965836e-05,2.30111032149684e-06,1.18912753745507e-06,0,0,0
3.04665484744822e-06,3.02271566686717e-06,0,0,0,0,0
0.000699414175505742,0.000699414175505742,0.000699414175505742,5.46811107609462e-05,2.70979550603968e-06,1.31016972287062e-07,6.18259295109574e-09
0.00163388339737264,0.00126468293128817,0.00103955003186711,0.000315506278627752,5.2889618685794e-05,7.02068873462036e-06,4.9714768954737e-07
3.46203605364199e-05,3.49274533218011e-05,1.02098023157974e-05,7.27648694036146e-06,4.20973660577957e-06,3.32122697241424e-06,3.23273405773988e-06
0.0078936748971084,0.00439410405457893,0.00695809306478315,0.00435858586189033,0.00115018731537997,0.000699414175505742,0.000699414175505742
0.00448733269595875,0.00272302297592735,0.00189776813640771,0.000854807265296997,0.000228157962369664,7.04512373470049e-05,3.94923105125631e-05
0.00269121996190119,0.0028664892351714,0.00220957983485962,0.00124760102250939,0.000193121295037036,6.59284445749549e-05,4.00294830029056e-05
1.95745408141324e-05,1.94385307433129e-05,6.1953717734564e-06,4.77365146327243e-06,8.45034519733389e-07,8.17730172177427e-07,7.91852206410832e-07
0.00188863790503037,0.0012694272392642,0.000910121153393359,0.000287744872974857,7.25139684221389e-05,2.01425839107233e-05,1.37428447207133e-05
0.00718977720790864,0.00496896697660358,0.003728302524458,0.00126499196688295,0.000229061081758014,0.000111538853396617,7.43383429796497e-05
5.91807011495174e-06,5.83870341460127e-06,1.3166247570668e-06,7.086757252767e-07,0,0,0
5.21103068029833e-06,5.1838949931923e-06,1.41131315988095e-06,7.62575326501596e-07,0,0,0
0,0,0,0,0,0,0
0,0,0,0,0,0,0
0,0,0,0,0,0,0
0.00150831195971208,0.00170478026156123,0.00130042170743708,0.000699414175505742,7.18676098695239e-05,2.27001639480182e-05,1.54573119502973e-05
0.000210024216001398,0.000260679326325248,0.000165321876694542,0.000206430026793519,0.000120432041390993,6.3319076773204e-05,4.94947836789716e-05
9.29764085965691e-06,9.20321735538981e-06,1.51484971580304e-06,0,0,0,0
0,0,0,0,0,0,0
0,0,0,0,0,0,0
0.00186582441523848,0.00251910971034314,0.00268998645984099,0.00127097453542744,0.000699414175505742,0.000699414175505742,0.000699414175505742
0.00837660079652326,0.0052248535067687,0.00388165899605288,0.00139137217093223,0.000843071410433067,0.000699414175505742,0.000699414175505742
0,0,0,0,0,0,0
0,0,0,0,0,0,0
0,0,0,0,0,0,0
0,0,0,0,0,0,0
0,0,0,0,0,0,0
0,0,0,0,0,0,0
0,0,0,0,0,0,0
0,0,0,0,0,0,0
0,0,0,0,0,0,0
0,0,0,0,0,0,0
2.3682800594061e-05,2.35765011290285e-05,6.66015918560835e-06,4.54837258413597e-06,2.09150037711345e-06,2.04167622230869e-06,1.99421486443501e-06
3.21130394064127e-05,3.23082312161216e-05,8.85847530110485e-06,7.0165671224859e-06,4.74609439618918e-06,4.64883734349896e-06,4.55642943722229e-06
2.70599192411654e-06,2.68702608197057e-06,0,0,0,0,0
0.003091909283226,0.00205947407509064,0.0015064357089015,0.00117926120371606,0.000699414175505742,0.000699414175505742,0.000699414175505742
8.36884120217546e-06,7.61503419100793e-06,1.65323992902242e-06,0,0,0,0
0.00261041908011123,0.0022362313649035,0.00185927146453383,0.00123633549753807,0.000167982882385957,3.62559207037566e-05,1.81416672140081e-05
0.0134728566058557,0.00900200340372686,0.00693976804458877,0.00629569001784649,0.00313701473726089,0.00214821857816199,0.00192860234213677
7.03604045066256e-05,7.61705747464272e-05,3.77225857081354e-05,1.26844633354816e-05,6.71579848065776e-06,5.7369073004131e-06,4.29576427769199e-06
0.000212402742030292,0.000247338330577215,0.000167376005599044,6.32732052670833e-05,1.71721789650181e-05,6.19303328596159e-06,4.16616056550914e-06
0.00134640550280407,0.00104205010891443,0.000787656262864243,0.000215284897771233,4.33344368502633e-05,8.9357607454033e-06,4.78478960533123e-06
0.00282384869519643,0.00316707959308969,0.00258519211125697,0.00130013167707172,0.000178666392100828,9.97490490452217e-05,6.19375400939087e-05
1.53021667613919e-05,1.51981252058887e-05,4.24913912043359e-06,1.77087783821246e-06,0,0,0
4.02957884797562e-06,3.89727095880872e-06,1.17068876960865e-06,0,0,0,0
0,0,0,7.5410279445144e-07,0,0,0
4.4155812872117e-05,4.19752097703197e-05,1.23032925639901e-05,9.23343308764244e-06,5.67955551974857e-06,5.52695051034366e-06,5.38153814354498e-06
0.00309747946045444,0.00348929184868991,0.00294737797572426,0.00150807448065463,0.000197350874378865,4.5891704623035e-05,2.5348444543189e-05
0.0086467523853231,0.00971895003426883,0.00933860015376713,0.00364268827197573,0.000944439368069588,0.000699414175505742,0.000699414175505742
4.23788961441938e-05,3.93987096060571e-05,1.27541006066198e-05,7.60796806180141e-06,5.09975551971102e-06,4.94699640408787e-06,4.08019701142176e-06
0.00461365611719197,0.00609378022535713,0.00625324807212765,0.0021059725354394,0.000312317385336603,6.27719124653954e-05,2.96070475577602e-05
0.000699414175505742,0.000219530582450521,9.22464226250693e-05,4.17208769558531e-05,9.34366056458768e-06,1.91966287488901e-06,1.18947649628734e-06
0.000122670008311403,0.000138501905967418,5.17474153509368e-05,1.64349201423657e-05,0,0,0
0.000157117376589311,0.000208206097106595,0.000185899052043421,4.50298695547498e-05,4.38931719896878e-06,0,0
0.000172103375512506,0.00024937436408772,0.000198116761087746,0.000304322878559,0.000155216406133254,7.42760439971493e-05,5.23722911808619e-05
0.000418490619311916,0.000707462622591995,0.000496777819413516,0.000198379407585976,3.89572244864123e-05,1.13346642748188e-05,4.01439332273896e-06
0.00422862528184558,0.00762733105107521,0.0112784853522283,0.0099416456213526,0.00227179193247711,0.00204952416953377,0.00241838230298986
0,0,0,0,0,0,0
0,0,0,0,0,0,0
0.0016039359400655,0.00194133519698808,0.00106452274561101,0.000699414175505742,0.000699414175505742,0.000699414175505742,0.000699414175505742
0.00145449385968492,0.000860852511922151,0.000484481573633174,0.000196920653419825,5.27350694592366e-05,9.273373022285e-06,4.95818397429343e-06
0.000699414175505742,0.000279163947919531,0.000104382634006228,1.90181312147414e-05,1.39936060299969e-06,9.77569892939229e-08,6.49232474599463e-09
0,0,0,0,0,0,0
0,0,0,0,0,0,0
0,0,0,0,0,0,0
0,0,0,0,0,0,0
0.00241488617786067,0.00209975784621008,0.00186339436721257,0.000831989611240047,0.000136120070966045,2.75524867866403e-05,7.4372999893353e-06
0,0,0,0,0,0,0
0.000702396855561075,0.000875835642800366,0.000986525351071408,0.000428139325858121,0.000122934144480603,3.14007749225752e-05,7.06126141906198e-06
6.1573308451694e-06,6.15561275388249e-06,7.32929002712711e-07,0,0,0,0
1.25609392101134e-05,1.27900374291369e-05,3.91676593500678e-06,8.48093365880407e-07,0,0,0
0,0,0,0,0,0,0
0,0,0,0,0,0,0
0,0,0,0,0,0,0
0,0,0,0,0,0,0
0,0,0,0,0,0,0
0,0,0,0,0,0,0
1.79762690432258e-05,1.79171775400621e-05,5.37924279017865e-06,2.13576027116366e-06,1.60733225943894e-06,1.56168586588548e-06,1.51815595581832e-06
2.65292126707943e-05,2.65912603404231e-05,7.57214811958046e-06,3.64969992187498e-06,2.73347689674641e-06,2.65402398249801e-06,2.57826062200773e-06
4.33844614929265e-05,4.44721650715754e-05,1.36536070463777e-05,7.7469966002578e-06,2.13810451687114e-06,2.11374678712617e-06,2.09093091227903e-06
0,0,0,0,0,0,0
0.00602258296032433,0.00710775820945206,0.00669898339296281,0.00296553769674737,0.000719996602393905,0.000699414175505742,0.000699414175505742
0.000454019826196712,0.000728038401943094,0.000869487679583766,0.000403274168238606,8.88280230689304e-05,5.56033768510934e-05,1.79311656614633e-05
0.00332569962668024,0.00277814276926393,0.00237615021624591,0.00103093366217133,0.000699414175505742,0.000699414175505742,0.000699414175505742
0.00256990341434258,0.00160253725286529,0.00126243547171823,0.000448024163167448,0.000246423350295203,6.49581535270964e-05,2.65778523232068e-05
0.00280868768831582,0.00206492362562343,0.00159903320933813,0.000520658402119383,0.000124449295974183,3.42104274886937e-05,4.12717080606517e-05
0,0,0,7.24471002329472e-07,0,1.11941989806777e-05,1.37962739095657e-05
0.0098921239182655,0.0133359812351222,0.0174487336723435,0.0162384096829574,0.00384448205286215,0.000918895087807699,0.000194429088355664
4.11488032504841e-06,4.12101755599316e-06,0,0,0,0,0
0.000740513226074821,0.000816926318054599,0.000347175030932299,0.000136061385622042,3.3271584363952e-05,6.64574507810485e-06,3.37277695402902e-06
0.000104728032156933,0.000124860478947431,0.000131354934936359,2.22245061594769e-05,0,0,0
3.83723416631678e-05,3.86407196345703e-05,8.39219747250862e-06,2.89038716534223e-06,0,0,0
0.0163454844726225,0.0189098732420462,0.0191062577553581,0.00915162985282904,0.00185193797187372,0.000699414175505742,0.000699414175505742
0,0,0,0,0,0,0
0,0,0,0,0,0,0
3.25266947837177e-05,6.02346200258079e-05,7.96847498200655e-05,8.07680140593585e-05,2.05480739547111e-05,4.4450428583089e-06,9.79380719855663e-07
0.00157320017915748,0.00188790915771021,0.00176358433632092,0.000328374799234359,6.48328183981991e-05,1.25687995793152e-05,3.47331080851271e-06
0.0011823911735368,0.000718908405620198,0.000413637991813558,0.000176890562145391,3.49594576711295e-05,6.42596926475533e-06,1.43670181694447e-06
3.51875944187993e-05,3.54853265114627e-05,6.79436067895475e-06,2.70966773377279e-06,1.49954520074739e-06,1.45684187457324e-06,1.41600551861076e-06
0.000101066974122183,0.000109240175809559,5.73204733817489e-05,1.14282052319957e-05,1.48294026305373e-06,7.48216801337391e-07,7.29544786683284e-07
0,0,0,0,0,0,0
1.95839365793384e-06,1.95673040706767e-06,0,0,0,0,0
6.78418519128363e-05,6.55877924247019e-05,3.46486427746531e-06,1.83353486547718e-06,0,0,0
0,0,0,0,0,0,0
2.92474216838585e-05,2.92657051736571e-05,7.10114479614631e-06,4.54257926971877e-06,2.80727136752711e-06,2.72580162579807e-06,2.64810012784635e-06
0,0,0,0,0,0,0
0,0,0,0,0,0,0
0,0,0,0,0,0,0
0,0,0,0,0,0,0
0,0,0,0,0,0,0
0,0,0,0,0,0,0
0.00215215555915866,0.00310875287882316,0.00357052953702003,0.00129290868581843,0.000169758491069835,2.45431192038745e-05,7.56308496000786e-06
0.000936607603941492,0.000461725271197126,0.000266174279826595,9.46088536976294e-05,2.47706819319029e-05,3.80523954466033e-06,2.15098643337887e-06
0.00802275222751069,0.00943076091499465,0.0101856303649686,0.00565363198173182,0.00102759838046528,0.000150525552051079,3.81276549397152e-05
0.00192018101674166,0.00241500351152383,0.00287127763663583,0.0019943316885735,0.000333133976692695,6.32606843361418e-05,1.88901887762674e-05
5.58278398781205e-06,5.57023151106554e-06,0,0,0,0,0
0.00114048316907138,0.000535524748079494,0.000391808848098033,0.000175841290731889,9.0122467234563e-05,1.66243647015933e-05,8.2276366412811e-06
0,0,0,0,0,0,0
0,0,0,0,0,0,0
0.000919278672458185,0.000942656113532789,0.000946311163135867,0.000472973541696724,8.09768281036844e-05,1.35088773806256e-05,3.52427981449407e-06
0.00117179557416929,0.0014165517982876,0.00169570654889602,0.00151800647111213,0.00032117518285965,7.11440681068099e-05,4.51214032661699e-05
0.000206935112247546,0.000243780566447616,0.000250166753472168,9.4678301738008e-05,1.27340325958277e-05,2.57337907579678e-06,0
0.0126600290056354,0.0125328237934591,0.0148677055831755,0.00841307816950484,0.00155645851447466,0.00022763398435665,5.93199751204918e-05
0,0,0,0,0,0,0
0.000836707546466199,0.000425948976600452,0.000242536894953208,0.000143069379960081,4.10875840812513e-05,5.63875339683755e-06,2.33651502607789e-06
0,0,0,0,0,0,0
0,0,0,0,0,0,0
0,0,0,0,0,0,0
0.00154550400118392,0.00125670004619635,0.00100081750794532,0.000296858399800345,4.95326624941651e-05,1.02407797641171e-05,4.30801593016714e-06
0.000699414175505742,0.000291858555617275,0.000122893896080532,2.34931577057266e-05,1.94494684558267e-06,1.55028452712663e-07,1.19049881115782e-08
0.00241343442330197,0.00241680809768337,0.00235634522624249,0.00116309523129597,0.000204470504681892,4.73171374283134e-05,2.02639634127872e-05
1.0867058481327e-05,1.08512411263014e-05,1.82280252567382e-06,1.45887930742648e-06,0,0,0
0.00155733213148421,0.001402027558391,0.00123925887252372,0.000407179714169332,6.73967678933434e-05,1.35535835483885e-05,5.92009675504819e-06
5.16014606887e-05,5.27389890090419e-05,1.48089959884245e-05,7.71310253809754e-06,3.59667961251816e-06,3.61476900283663e-06,3.63480724129508e-06
4.01955329857228e-05,4.15539230370664e-05,1.08749864645789e-05,6.3986759196388e-06,1.73745359531168e-06,1.73030319747837e-06,1.72416710572173e-06
0,0,0,0,0,2.05138668795634e-05,3.5493144184804e-05
0,0,0,0,7.18047417633819e-05,7.21936820843568e-05,6.77649315923616e-05
0,0,0,1.83100817215644e-06,0.00619321817851877,0.0047791257815177,0.00489330133887899
6.84324922078006e-06,6.33542825798191e-06,0,0,0,0,0
0,0,0,0,0,0,0
1.81990696420986e-05,1.80385104357015e-05,2.7201534232679e-06,7.40641225840794e-07,0,0,0
3.55333796742726e-05,3.53305711212289e-05,2.95296234629185e-06,0,0,0,0
0.000699414175505742,0.000105748533796711,2.17071190238147e-05,2.31448850667516e-06,1.00294491190564e-07,4.2204098585647e-09,1.728726304991e-10
0.000699414175505742,0.000241272218775089,8.45428428159131e-05,1.43780456998931e-05,1.91660664633334e-06,1.16844251614654e-07,6.8067568033509e-09
0,0,0,0,0,0,0
0,0,0,0,0,0,0
1.75557418568785e-05,1.64426216833175e-05,1.14684487132448e-06,0,0,0,0
0,0,0,0,0,0,0
0,0,0,0,0,0,0
9.0567983852155e-06,8.97487115862256e-06,1.48016030756616e-06,0,0,0,0
0.000699414175505742,0.000345299710367247,0.000143904872440855,3.52376033976038e-05,6.12245341272466e-06,4.03175555554096e-07,2.52715992972311e-08
0.00214547573846953,0.00280407583835875,0.00346838157520504,0.002623749197589,0.000463947249388284,8.73382619605361e-05,4.037471577503e-05
8.03954505342247e-06,8.03067117283e-06,0,0,0,0,0
9.70797963288504e-05,0.000121488412335164,0.000122238289852719,5.53396546689781e-05,1.20832527152783e-05,0,0
0,0,0,0,0,0,0
0.000699414175505742,0.000699414175505742,0.000699414175505742,0.000699414175505742,2.68204846793711e-05,9.70967563793514e-07,3.43679489547282e-08
0.000699414175505742,0.000184598990547865,9.9277449246834e-05,3.40462937037004e-05,6.01815607487945e-06,2.15609646143348e-07,7.61880221656842e-09
2.40541198812267e-05,2.39897201439413e-05,2.54243859639167e-06,0,0,0,0
4.14984941426994e-05,4.16854061648933e-05,5.29953711339531e-06,1.81098894178271e-06,0,0,0
3.0516124979668e-05,2.95013394054542e-05,2.77046288683635e-06,0,0,0,0
2.40508816518207e-05,2.44783680679716e-05,1.26894965655219e-05,6.22743914129949e-06,0,0,0
0,0,0,0,0,0,0
0,0,0,0,0,0,0
0,0,0,0,0,0,0
0,0,0,0,0,0,0
0,0,0,0,0,0,0
0,0,0,0,0,0,0
0.00583518833114178,0.00613564346026212,0.00628148536144591,0.00357575813734757,0.000765983473683144,0.000130153581258985,3.53886067006104e-05
0.0138897672045171,0.0171998402760485,0.0197599812849158,0.0122521396531161,0.00268646529221782,0.000699414175505742,0.000699414175505742
2.35697290659768e-05,2.37049512939958e-05,1.60590986264962e-06,0,0,0,0
1.1234973118853e-05,1.11895389402548e-05,0,0,0,0,0
0.002549663471402,0.00268859418908195,0.00275079052436151,0.0015220860244026,0.000259922980934686,5.47634822667382e-05,2.04358228490238e-05
0.000983788324204983,0.000519372686440191,0.000269558899167587,0.000286169703981811,0.000152215831918274,4.64005632251013e-05,2.65821293916242e-05
0,0,0,0,0,0,0
0,0,0,0,0,0,0
0,0,0,0,0,0,0
0,0,0,0,0,0,0
0.000699414175505742,0.000245302141278951,0.000107352977423759,2.93157698541508e-05,3.72513336669543e-06,2.26252456024733e-07,1.31336203387067e-08
0.000222189081502042,0.000264636368065025,0.000180017863423621,6.14431420821377e-05,7.11207990908703e-06,0,0
1.84613337443737e-05,1.7631880590512e-05,0,0,0,0,0
4.78612319272772e-05,4.77516064389278e-05,2.42650203543078e-06,0,0,0,0
9.49591965073866e-06,1.05540223504101e-05,1.1318120479763e-05,8.1224906534627e-06,2.10697856558335e-06,0,1.52143746878799e-06
0,0,0,0,0,0,4.51781908586169e-06
5.8699206386112e-06,5.82996716861984e-06,0,0,0,0,0
0.000262814510325409,0.000323556663201028,0.000282872843720602,0.000122091418363682,2.10211546962529e-05,5.71662361319211e-06,1.93143017831897e-06
0,0,0,0,0,0,0
0,0,0,0,0,0,0
2.20052244071234e-06,1.25085202278831e-06,0,0,0,0,0
8.32344010345412e-06,8.25702410242712e-06,0,0,0,0,0
0,0,0,0,0,0,1.71637894329254e-06
0,0,0,0,0,0,0
0.000699414175505742,0.000330608629950737,0.000132523377826861,5.20417947978675e-05,2.40246639529204e-05,6.78022490937251e-06,7.84409102808591e-06
0.000699414175505742,0.000292982512064705,0.000105554321777997,4.20342202713742e-05,4.37396863939621e-05,1.20648152461596e-05,5.27258378978042e-06
0.000486511085643091,0.000790927617150536,0.000902605860231052,0.000413394520117712,7.74530394594551e-05,1.49545765253421e-05,4.74531262000734e-06
1.46823128035932e-06,1.34090183094509e-06,0,0,0,0,0
0.00200874086591741,0.00214918801573375,0.00226321054470071,0.00128624221007912,0.00019989603159324,3.29551220204124e-05,6.31952553647847e-06
0.000727486304574243,0.000523502422107643,0.000402805656627864,0.00017744076302099,2.61500691975243e-05,2.86169569294388e-06,2.93315599148045e-07
2.15064789140175e-05,2.55252008298305e-05,8.03719922560748e-06,6.22353917556757e-06,0,0,0
0,0,0,0,0,0,0
5.46914368386701e-06,5.48554982919578e-06,0,0,0,0,0
0.000143848553571522,0.00014622798287676,1.63018184741795e-05,4.02285423398068e-06,2.3815492810299e-06,0,0
0,0,0,0,0,0,0
0,0,0,0,0,0,0
0,0,0,0,0,0,0
0,0,0,0,0,0,0
2.42588349877049e-06,2.2090378030623e-06,0,0,0,0,8.03569139216124e-06
0,0,0,0,0,0,1.10175685297836e-05
2.87838378635492e-05,2.86627786969382e-05,0,0,0,0,0
0,0,0,0,0,0,0
0,0,0,0,0,0,0
8.40851786823941e-05,8.39278363225203e-05,6.57884504028351e-06,3.40599634645106e-06,7.11392435168789e-07,0,0
0.00014109881077569,0.000140892184399354,9.237491730747e-06,5.29311716862944e-06,1.79487566238861e-06,1.73847672379294e-06,1.68468205823452e-06
0.000699414175505742,0.000147434205306198,3.84137065099136e-05,1.12255640027327e-05,3.10391837315014e-06,1.45483320405982e-07,6.64203874130604e-09
0.000699414175505742,0.000138980120484269,3.17019473092259e-05,1.07086689710504e-05,4.21039517795523e-06,1.8212774153477e-07,7.64411733935706e-09
0,0,0,0,0,0,0
0,0,0,0,0,0,0
0,0,0,0,0,0,0
0,0,0,0,0,0,0
0,0,0,0,0.000135815842668378,0.00124468616049828,0.000817198585802222
6.09240462689251e-05,6.02435685788591e-05,8.64863679753841e-06,5.65738970904315e-06,1.61619537721803e-06,1.56962299528372e-06,1.52519330461801e-06
7.30210034697487e-05,7.27666030568291e-05,7.00609597382737e-07,0,0,0,0
0.000125395568604413,0.000138438726006502,8.37152151954353e-05,2.00249692800325e-05,3.38692327026206e-06,0,0
0.000124410651304564,0.000133870662789496,4.39094487206793e-05,1.3097817507554e-05,3.25187944095249e-06,0,0
0,0,0,0,0,0,0
0,0,0,0,0,0,0
0,0,0,0,0,0,0
0,0,0,0,0,0,0
5.15063845569362e-05,5.07625625933534e-05,4.15898521896168e-06,1.55108407557488e-06,1.17019328831886e-06,0,0
9.03371816085232e-05,9.11156143557485e-05,6.61501109955587e-06,2.93265691606161e-06,2.15828455363932e-06,0,0
0,0,0,0,0,0,0
0,0,0,0,0,0,0
8.83886683906274e-05,8.94100511180318e-05,8.56121164683579e-06,4.16380706177144e-06,3.02588950776682e-06,0,0
0.00046224113805542,0.000497352137094923,0.000410829832076943,0.000216004090460859,7.93953887894768e-05,1.91299557635178e-05,1.10228848757696e-05
0,0,0,0,0,0,0
0,0,0,0,0,0,0
4.79646726977032e-05,6.92905885682866e-05,6.70760137246159e-05,3.447151431217e-05,6.55577854013004e-06,0,0
0.000299550308254376,0.000327152969379627,0.000298978472410125,0.000149401319149544,4.35927104626541e-05,1.40509207540577e-05,7.63173205574422e-06
0.000169997317235531,0.000212645532574257,0.000208439365108156,0.000108934002842175,2.93724309045624e-05,5.81313885200008e-06,1.96358271073573e-06
6.67170281280968e-06,6.60983983815555e-06,0,0,0,0,0
1.28485970628129e-05,1.27126303405991e-05,0,0,0,0,0
9.10618382550382e-06,9.08598923314339e-06,0,0,0,0,0
5.4475819108605e-06,5.41174907002296e-06,0,0,0,0,0
7.72985612597626e-07,7.84853287098138e-07,0,0,0,0,0
9.8205195130137e-06,9.83083875090382e-06,0,0,0,0,0
7.1856206094405e-05,7.17885067321481e-05,6.51373771334048e-06,4.2485278671518e-06,7.74210842531176e-07,7.53870856365322e-07,7.34321900564944e-07
1.91991365170365e-05,2.23168745688675e-05,8.55020169990588e-06,4.61079948138663e-06,0,0,0
0,0,0,0,0,0,0
0,0,0,0,0,0,0
0,0,0,0,0,0,0
3.64741464791432e-06,3.75964471848833e-06,0,0,0,0,0
0,0,0,0,0,0,0
0.000200020186157542,0.000200764710524794,1.62645132840519e-05,9.13148202692988e-06,5.09764890700357e-06,4.22168297017503e-06,4.10577429355574e-06
8.45454120129365e-05,9.09281243928331e-05,6.55956363162987e-05,3.32943515085501e-05,7.15713717085961e-06,0,0
3.17665851492828e-05,3.40819754633443e-05,2.66917345731867e-05,5.53775759334144e-06,9.30074502160187e-07,0,0
0.000699414175505742,0.000271915702867386,8.30589339244907e-05,1.701431042414e-05,3.75038008718555e-06,2.09041277764733e-06,1.9121169152363e-06
0.000699414175505742,0.000148840066843554,2.4204356136243e-05,2.38066193658402e-06,1.33420426571029e-07,7.14153757218616e-09,3.66869144439823e-10
1.21438089494093e-05,1.19657484591334e-05,1.14509921004145e-06,8.05444128781873e-07,0,0,0
0,0,0,0,0,0,0
0,0,0,0,0,0,0
0,0,0,0,0,0,0
8.33590747688287e-05,8.4628357737545e-05,1.20411549552064e-05,7.31820892569675e-06,3.62574457957049e-06,0,0
0,0,0,0,0,0,6.03757449673098e-06
0,0,0,0,0.000135824712224621,0.00124474226413375,0.000826482303483225
9.7966433632661e-05,0.000104668693043546,6.29343205915306e-05,1.49338054111089e-05,2.29827870342718e-06,0,0
0,0,0,0,0,0,0
9.18205663833635e-05,9.52303657052078e-05,2.01268353646882e-05,1.26766030974394e-05,5.48579740144441e-06,0,0
0,0,0,0,0,0,0
5.16633575636887e-06,5.13606006362599e-06,0,0,0,0,0
5.45330151222105e-05,5.4283169476813e-05,1.58941515278569e-06,0,0,0,0
4.44811742679537e-05,4.43067900383378e-05,0,0,0,0,0
1.08394121544224e-05,1.07983835044365e-05,0,0,0,0,0
0,0,0,0.0428746170729081,0.213434883575676,0.298080117244892,0.392040032164241
0.000125719920765976,0.000132406027052175,6.26416170590242e-05,2.25786712609131e-05,7.56952305458988e-06,0,0
3.27525940356918e-06,3.24948041524467e-06,0,0,0,0,0
5.17673022753533e-06,5.12500297262504e-06,0,0,0,0,0
0,0,0,0.542503330259614,1,1,1
0,0,0,0,0,0,0
1.04432565561253e-06,1.06510555131755e-06,0,0,0,0,0
7.89253866471519e-06,7.89377153273632e-06,0,0,0,0,0
0,0,0,0,0,0,0
0,0,0,0,0,0,0
0,0,0,0,0,0,0
0,0,0,0,0,0,0
0,0,0,0,0,0,0
0,0,0,0,0,0,0
0.000143158776043855,0.0001424821702851,5.09392613088252e-06,1.65810274639686e-06,0,0,0
0,0,0,0,0,0,0
1.72360239972819e-05,1.69900701102569e-05,1.75853096895663e-06,1.22936621741463e-06,9.54187594642052e-07,0,0
0,0,0,0,0,0,0
0,0,0,0,0,0,0
0,0,0,0,0,0,0
0,0,0,0,0,0,0
0,0,0,0,0,0,0
6.09046925498959e-05,6.25833411601154e-05,1.4154755978015e-05,8.9277748244851e-06,3.31988713498506e-06,0,0
8.46656619266461e-05,8.65236743442533e-05,1.98067596082215e-05,8.38371638310114e-06,2.71494851515156e-06,0,0
0,0,0,0,0,0,0
4.76399042639595e-05,4.72758992194102e-05,5.23196544991207e-06,1.40786796143789e-06,1.03104605340293e-06,0,0
2.19098114552447e-05,2.1533926313159e-05,2.638177238284e-06,1.74206578227994e-06,1.27968973509791e-06,0,0
3.46261840604447e-05,3.38579769827816e-05,5.98075887811903e-06,2.63258531861161e-06,1.88473141103409e-06,0,0
0.000699414175505742,0.000184811923263111,3.66685978880541e-05,4.30779864992348e-06,2.70265513475224e-07,1.60843911233286e-08,9.12971885198193e-10
0.000699414175505742,0.000107675590912425,1.14076303497785e-05,7.90313955464768e-07,3.54089539725018e-08,1.53229920684084e-09,6.42595591675162e-11
0,0,0,0,0,0,1.74558016658427e-06
0,0,0,0,4.27050726391218e-05,0.000118520562272914,0.000151816168102441
3.32101586139265e-05,3.30342645082466e-05,0,0,0,0,0
8.55564793199404e-06,8.5082662394049e-06,0,0,0,0,0
0,0,0,0,0,0,0
0,0,0,0,0,0,0
0,0,0,0,0,0,0
1.15643988318433e-05,1.12187453706286e-05,8.25450911564556e-07,0,0,0,0
1.71522782431914e-06,1.72177213796416e-06,0,0,0,0,0
0,0,0,0.0129581433711559,0.0392488630394592,0.0530435430964892,0.059828249209013
8.1736884998094e-07,7.94742108909808e-07,0,0,0,0,0
5.05510231588181e-06,5.16701186895724e-06,9.66349358559716e-07,0,0,0,0
4.67873593478225e-06,4.65467891062858e-06,0,0,0,0,0
1.90124009610337e-06,1.89299923338708e-06,0,0,0,0,0
1.32933496601357e-05,1.32570469744682e-05,0,0,0,0,0
4.26101321812198e-05,4.24306426968407e-05,0,0,0,0,0
0,0,0,0,0,0,0
0,0,0,0,0,0,0
0,0,0,0,0,0,0
0,0,0,0,0,0,0
0,0,0,0,0,0,0
0,0,0,0,0,0,0
0,0,0,0,0,0,0
0,0,0,0,0,0,0
0,0,0,0,0,0,0
0,0,0,0,0,0,0
0,0,0,0,0,0,0
0,0,0,0,0,0,0
0,0,0,0,0,0,0
0,0,0,0,0,0,0
0,0,0,0,0,0,0
0,0,0,0,0,0,0
0,0,0,0,0,0,0
0,0,0,0,0,0,0
1.17530471539891e-06,1.21057622881479e-06,0,0,0,0,0
0,0,0,0,0,0,0
1.38680660284242e-05,1.36253933025101e-05,2.30713079423763e-06,1.49171544230111e-06,1.0734098139898e-06,0,0
8.77733653241415e-06,8.96475467380624e-06,1.40064475134091e-06,9.23001599988974e-07,0,0,0
4.73650093433807e-06,4.6773078960399e-06,9.77131979971334e-07,0,0,0,0
0,0,0,0.0132701064070639,0.0883290666217747,0.139565419621494,0.178895793205276
0,0,0,0.247856961987353,0.840624497271645,1,1
0,0,0,0,0,0,0
0,0,0,0,0,0,0
5.47813786916023e-05,5.45407158947247e-05,0,0,0,0,0
6.85388171876395e-05,6.82412859931004e-05,0,0,0,0,0
1.62098215553777e-05,1.61138471737334e-05,0,0,0,0,0
5.34087929375648e-06,5.31217207122263e-06,0,0,0,0,0
3.81171789731364e-06,3.81698220752655e-06,0,0,0,0,0
1.33043706142929e-06,1.32602903787168e-06,0,0,0,0,0
2.14046816719067e-06,2.15353235901837e-06,0,0,0,0,0
4.76746853653422e-06,5.90517636593004e-06,1.32702281850217e-06,8.8613768215527e-07,0,0,0
3.64776290922674e-06,3.79353106563497e-06,9.69066852504922e-07,0,0,0,0
8.8120004219047e-06,8.78728626094308e-06,0,0,0,0,0
4.22589034403619e-06,4.20665352664337e-06,0,0,0,0,0
6.46362849711193e-05,6.46243703972612e-05,8.83144590774738e-06,2.51095222802964e-06,1.79778426983086e-06,0,0
0,0,0,0,0,0,0
0,0,0,0,0,0,0
0.000733172557126172,0.000526008272176508,0.00035973099320136,0.000133419040711551,1.72657531486956e-05,2.02496178493276e-06,2.2041057999545e-07
0,0,0,0,0,0,0
0.000699414175505742,0.00040305694429561,0.000228955788169927,6.8483994280193e-05,8.67421451789579e-06,8.60826410348033e-07,7.99485252206649e-08
2.30840001828207e-05,2.23413949073552e-05,2.62863033634612e-06,2.24078664179574e-06,0,0,0
8.73637204875595e-06,8.55773462282172e-06,1.60857398620692e-06,1.04259377990481e-06,7.52050446892212e-07,0,0
3.67602592116991e-05,3.5846405321534e-05,1.4966839854488e-06,9.70755817333554e-07,7.00721002344133e-07,0,0
0,0,0,0,0,0,0
0,0,0,0,0.00151278539201182,0.00219494539588916,0.0026393359214683
0,0,0,0,0,0,0
0,0,0,0,4.26954663978254e-05,0.000120437339415268,0.000149462786953966
0,0,0,0,2.88097318801742e-05,0.000199951618352866,0.000434784154323147
0,0,0,0,0,0,0
0,0,0,0,0,0,0
0,0,0,0,0,0,0
0,0,0,0,0,0,0
1.06043263633024e-06,1.01729883666412e-06,0,0,0,0,0
0,0,0,0,0,0,0
2.54306564173461e-06,2.53101900010975e-06,0,0,0,0,0
0,0,0,0,0,0,0
0,0,0,0,0,0,0
9.89356961312768e-07,1.01651530918782e-06,0,0,0,0,0
0.000699414175505742,0.00048467564703196,0.000327531987421862,0.00012187575356324,1.6576504727358e-05,1.898567373253e-06,2.02063938741167e-07
1.33636616207896e-06,1.33173795642863e-06,0,0,0,0,0
0,0,0,0,0,0,0
0,0,0,0,0,0,0
5.04898942696287e-06,4.98568608956096e-06,0,0,0,0,0
0,0,0,0,0,0,0
0,0,0,0,0,0,0
0,0,0,0,0,1.60513622446033e-06,2.2235875934399e-06
2.87871735136131e-06,2.87732003751631e-06,0,0,0,0,0
1.75826038703453e-06,1.75666145000317e-06,0,0,0,0,0
0.00113382473910381,0.00134960158005263,0.00156626113209829,0.0013438100751258,0.000231692633618809,3.69513665205351e-05,5.46388453943356e-06
2.71943221141446e-05,2.92279157295439e-05,1.97606248096439e-05,1.6883842658037e-05,3.76469995061611e-06,0,0
0,0,0,0,0,0,0
0,0,0,0,0,0,0
0,0,0,0,0,0,0
0,0,0,0,0,0,0
0,0,0,0,0,0,0
0,0,0,0,0,0,0
0,0,0,0,0,0,0
0,0,0,0,0,0,0
0,0,0,0,0,0,0
1.12175697274752e-06,1.08277990322352e-06,0,0,0,0,0
0,0,0,0,0,0,0
0,0,0,0,0,0,0
0,0,0,0,0,0,0
0,0,0,0,0,0,0
0,0,0,0,0,0,0
0,0,0,0,0,0,0
4.00414043475865e-06,3.99720415574116e-06,0,0,0,0,0
3.42868852352483e-06,3.43706083450382e-06,0,0,0,0,0
0,0,0,0,0,0,0
0,0,0,0,0,6.01318875666503e-06,8.2851716071472e-06
2.69533269767898e-05,2.69404964028516e-05,3.46184569240947e-06,2.95026882922968e-06,0,0,0
2.42907078914368e-05,2.71610853991888e-05,2.03764707324717e-05,1.7391813030697e-05,3.87392750813685e-06,0,0
7.44047201127156e-07,7.39504996255614e-07,0,0,0,0,0
4.61489328662198e-06,4.59403043024066e-06,0,0,0,0,0
0,0,0,0,0,0,0
2.65685071191759e-06,2.64106215057412e-06,0,0,0,0,0
4.58150385616882e-06,4.45972367587024e-06,0,0,0,0,0
0,0,0,0,0,0,0
1.62217679736199e-06,1.62249744462812e-06,0,0,0,0,0
4.52589855582522e-06,4.55446873870694e-06,0,0,0,0,0
8.68083879709279e-07,8.66087533327657e-07,0,0,0,0,0
0,0,0,0,0,0,0
0,0,0,0,0,0,0
6.20302543503767e-06,6.69238508154578e-06,4.20734642176173e-06,3.58740764735439e-06,0,0,0
0,0,0,0,0,2.26323331666841e-06,3.12959005714544e-06
0,0,0,0,0,0,0
0,0,0,0,0,0,0
0,0,0,0,0,0,0
8.03695744174786e-07,7.98787359946422e-07,0,0,0,0,0
0,0,0,0,0,0,0
0,0,0,0,0,0,0
0,0,0,0,0,0,0
0,0,0,0,0,0,0
0,0,0,0,0,0,0
0,0,0,0,0,0,0
0,0,0,0,0,0,0
0,0,0,0,0,0,0
0,0,0,0,0,0,0
0,0,0,0,0,0,0
0,0,0,0,0,0,0
0,0,0,0,0,0,0
0,0,0,0,0,0,0
0,0,0,0,0,0,0
0,0,0,0,0,0,0
2.42881662945232e-06,2.41170724276994e-06,0,0,0,0,0
1.3566531429222e-06,1.3755629393777e-06,0,0,0,0,0
2.46967446331292e-06,2.51454823853518e-06,0,0,0,0,0
2.7883154449697e-06,2.80153115927639e-06,0,0,0,0,0
0,0,0,0,0,0,0
0,0,0,0,0,0,0
0,0,0,0,0,0,0
8.49390330108519e-07,8.4735006452258e-07,0,0,0,0,0
7.63827210337696e-07,7.62057625780677e-07,0,0,0,0,0
0,0,0,0,0,0,0
0,0,0,0,0,0,0
0,0,0,0,0,0,0
0,0,0,0,0,0,0
0,0,0,0,0,0,0
0,0,0,0,0,0,0
0,0,0,0,0,0,0
8.73423085539938e-07,8.36443147681044e-07,0,0,0,0,0
0,0,0,0,0,0,0
0,0,0,0,0,0,0
0,0,0,0,0,0,0
0,0,0,0,0,0,0
0,0,0,0,0,0,0
0,0,0,0,0,0,0
0,0,0,0,0,0,0
0,0,0,0,0,0,0
0,0,0,0,0,0,0
0,0,0,0,0,0,0
0,0,0,0,0,0,0
0,0,0,0,0,0,0
0,0,0,0,0,0,0
0,0,0,0,0,0,0
7.27540816302659e-07,7.25686452567338e-07,0,0,0,0,0
0,0,0,0,0,0,0
1.10616173210503e-06,1.10770127881243e-06,0,0,0,0,0
1.1537742868797e-06,1.17302506867709e-06,0,0,0,0,0
0,0,0,0,0,0,0
0,0,0,0,0,0,0
0,0,0,0,0,0,0
0,0,0,0,0,0,0
0,0,0,0,0,0,0
0,0,0,0,0,0,0
0,0,0,0,0,0,0
0,0,0,0,0,0,0
0,0,0,0,0,0,0
0,0,0,0,0,0,0
0,0,0,0,0,0,0
0,0,0,0,0,0,0
0,0,0,0,0,0,0
0,0,0,0,0,0,0
0,0,0,0,0,0,0
0,0,0,0,0,0,0
0,0,0,0,0,0,0
0,0,0,0,0,0,0
0,0,0,0,0,0,0
0,0,0,0,0,0,0
0,0,0,0,0,0,0
0,0,0,0,0,0,0
0,0,0,0,0,0,0
0,0,0,0,0,0,0
0,0,0,0,0,0,0
0,0,0,0,0,0,0
0,0,0,0,0,0,0
0,0,0,0,0,0,0
0,0,0,0,0,0,0
0,0,0,0,0,0,0
0,0,0,0,0,0,0
0,0,0,0,0,0,0
0,0,0,0,0,0,0
0,0,0,0,0,0,0
0,0,0,0,0,0,0
0,0,0,0,0,0,0
0,0,0,0,0,0,0
0,0,0,0,0,0,0
0,0,0,0,0,0,0
0,0,0,0,0,0,0
0,0,0,0,0,0,0
0,0,0,0,0,0,0
0,2.2041319280603e-06,9.94435804990781e-07,7.66900620128943e-07,0,0,0
0,0,0,0,0,0,0
0,0,0,0,0,0,0
0,0,0,0,0,0,0
0,0,0,0,0,0,0
0,0,0,0,0,0,0
0,0,0,0,0,0,0
0,0,0,0,0,0,0
0,0,0,0,0,0,0
0,0,0,0,0,0,0
0,0,0,0,0,0,0
0,0,0,0,0,0,0
0,0,0,0,0,0,0
0,0,0,0,0,0,0
0,0,0,0,0,0,0
0,0,8.05287979302568e-07,0,0,0,0
0,0,0,0,0,0,0
0,0,0,0,0,0,0
0,0,0,0,0,0,0
0,0,0,0,0,0,0
0,0,0,0,0,0,0
0,0,0,0,0,0,0
0,0,0,0,0,0,0
0,0,0,0,0,0,0
0,0,0,0,0,0,0
0,0,0,0,0,0,0
0,0,0,0,0,0,0
0,0,0,0,0,0,0
0,0,0,0,0,0,0
0,0,0,0,0,0,0
8.85683286891464e-07,8.85396061651216e-07,0,0,0,0,0
0,0,0,0,0,0,0
0,0,0,0,0,0,0
0,0,0,0,0,0,0
0,0,0,0,0,0,0
0,0,0,0,0,0,0
0,0,0,0,0,0,0
0,0,0,0,0,0,0
0,0,0,0,0,0,0
0,0,0,0,0,0,0
0,0,0,0,0,0,0
0,0,0,0,0,0,0
0,0,0,0,0,0,0
0,0,0,0,0,0,0
0,0,0,0,0,0,0
0,0,0,0,0,0,0
1.71852073325771e-06,1.70911696704266e-06,0,0,0,0,0
0,0,0,0,0,0,0
0,0,0,0,0,0,0
0,0,0,0,0,0,0
0,0,0,0,0,0,0
1.63157509702278e-06,1.625723053027e-06,0,0,0,0,0
0,0,0,0,0,0,0
0,0,0,0,0,0,0
0,0,0,0,0,0,0
0,0,0,0,0,0,0
0,0,0,0,0,0,0
0,0,0,0,0,0,0
0,0,0,0,0,0,0
0,0,0,0,0,0,0
0,0,0,0,0,0,0
0,0,0,0,0,0,0
0,0,0,0,0,0,0
0,0,0,0,0,0,0
0,0,0,0,0,0,0
0,0,0,0,0,0,0
0,0,0,0,0,0,0
1.49327597160011e-06,1.48556644207965e-06,0,0,0,0,0
0,0,0,0,0,0,0
0,0,0,0,0,0,0
0,0,0,0,0,0,0
7.38690489256398e-07,7.35447148246712e-07,0,0,0,0,0
0,0,0,0,0,0,0
0,0,0,0,0,0,0
0,0,0,0,0,0,0
0,0,0,0,0,0,0
0,0,0,0,0,0,0
0,0,0,0,0,0,0
0,0,0,0,0,0,0
0,0,0,0,0,0,0
0,0,0,0,0,0,0
0,0,0,0,0,0,0
0,0,0,0,0,0,0
0,0,0,0,0,0,0
0,0,0,0,0,0,0
0,0,0,0,0,0,0
0,0,0,0,0,0,0
0,0,0,0,0,0,0
0,0,0,0,0,0,0
0,0,0,0,0,0,0
0,0,0,0,0,0,0
0,0,0,0,0,0,0
0,0,0,0,0,0,0
0,0,0,0,0,0,0
0,0,0,0,0,0,0
0,0,0,0,0,0,0
0,0,0,0,0,0,0
0,0,0,0,0,0,0
0,0,0,0,0,0,0
0,0,0,0,0,0,0
0,0,0,0,0,0,0
0,0,0,0,0,0,0
0,0,0,0,0,0,0
0,0,0,0,0,0,0
0,0,0,0,0,0,0
0,0,0,0,0,0,0
0,0,0,0,0,0,0
0,0,0,0,0,0,0
0,0,0,0,0,0,0
0,0,0,0,0,0,0
0,0,0,0,0,0,0
0,0,0,0,0,0,0
0,0,0,0,0,0,0
0,0,0,0,0,0,0
0,0,0,0,0,0,0
0,0,0,0,0,0,0
0,0,0,0,0,0,0
0,0,0,0,0,0,0
0,0,0,0,0,0,0
0,0,0,0,0,0,0
0,0,0,0,0,0,0
0,0,0,0,0,0,0
0,0,0,0,0,0,0
0,0,0,0,0,0,0
0,0,0,0,0,0,0
0,0,0,0,0,0,0
0,0,0,0,0,0,0
0,0,0,0,0,0,0
0,0,0,0,0,0,0
0,0,0,0,0,0,0
0,0,0,0,0,0,0
0,0,0,0,0,0,0
0,0,0,0,0,0,0
0,0,0,0,0,0,0
0,0,0,0,0,0,0
0,0,0,0,0,0,0
0,0,0,0,0,0,0
0,0,0,0,0,0,0
0,0,0,0,0,0,0
0,0,0,0,0,0,0
0,0,0,0,0,0,0
0,0,0,0,0,0,0
0,0,0,0,0,0,0
0,0,0,0,0,0,0
0,0,0,0,0,0,0
0,0,0,0,0,0,0
0,0,0,0,0,0,0
0,0,0,0,0,0,0
0,0,0,0,0,0,0
0,0,0,0,0,0,0
0,0,0,0,0,0,0
0,0,0,0,0,0,0
0,0,0,0,0,0,0
0,0,0,0,0,0,0
0,0,0,0,0,0,0
0,0,0,0,0,0,0
0,0,0,0,0,0,0
0,0,0,0,0,0,0
0,0,0,0,0,0,0
0,0,0,0,0,0,0
0,0,0,0,0,0,0
0,0,0,0,0,0,0
0,0,0,0,0,0,0
0,0,0,0,0,0,0
0,0,0,0,0,0,0
0,0,0,0,0,0,0
0,0,0,0,0,0,0
0,0,0,0,0,0,0
0,0,0,0,0,0,0
0,0,0,0,0,0,0
0,0,0,0,0,0,0
0,0,0,0,0,0,0
0,0,0,0,0,0,0
0,0,0,0,0,0,0
0,0,0,0,0,0,0
0,0,0,0,0,0,0
0,0,0,0,0,0,0
0,0,0,0,0,0,0
0,0,0,0,0,0,0
0,0,0,0,0,0,0
0,0,0,0,0,0,0
0,0,0,0,0,0,0
0,0,0,0,0,0,0
0,0,0,0,0,0,0
0,0,0,0,0,0,0
0,0,0,0,0,0,0
0,0,0,0,0,0,0
0,0,0,0,0,0,0
0,0,0,0,0,0,0
0,0,0,0,0,0,0
0,0,0,0,0,0,0
0,0,0,0,0,0,0
0,0,0,0,0,0,0
0,0,0,0,0,0,0
0,0,0,0,0,0,0
0,0,0,0,0,0,0
0,0,0,0,0,0,0
0,0,0,0,0,0,0
0,0,0,0,0,0,0
0,0,0,0,0,0,0
0,0,0,0,0,0,0
0,0,0,0,0,0,0
0,0,0,0,0,0,0
0,0,0,0,0,0,0
0,0,0,0,0,0,0
0,0,0,0,0,0,0
0,0,0,0,0,0,0
0,0,0,0,0,0,0
0,0,0,0,0,0,0
0,0,0,0,0,0,0
0,0,0,0,0,0,0
0,0,0,0,0,0,0
0,0,0,0,0,0,0
0,0,0,0,0,0,0
0,0,0,0,0,0,0
0,0,0,0,0,0,0
0,0,0,0,0,0,0
0,0,0,0,0,0,0
0,0,0,0,0,0,0
0,0,0,0,0,0,0
0,0,0,0,0,0,0
0,0,0,0,0,0,0
0,0,0,0,0,0,0
0,0,0,0,0,0,0
0,0,0,0,0,0,0
0,0,0,0,0,0,0
0,0,0,0,0,0,0
0,0,0,0,0,0,0
0,0,0,0,0,0,0
0,0,0,0,0,0,0
0,0,0,0,0,0,0
0,0,0,0,0,0,0
0,0,0,0,0,0,0
0,0,0,0,0,0,0
0,0,0,0,0,0,0
0,0,0,0,0,0,0
0,0,0,0,0,0,0
0,0,0,0,0,0,0
0,0,0,0,0,0,0
0,0,0,0,0,0,0
0,0,0,0,0,0,0
0,0,0,0,0,0,0
0,0,0,0,0,0,0
0,0,0,0,0,0,0
0,0,0,0,0,0,0
0,0,0,0,0,0,0
0,0,0,0,0,0,0
0,0,0,0,0,0,0
0,0,0,0,0,0,0
0,0,0,0,0,0,0
0,0,0,0,0,0,0
0,0,0,0,0,0,0
0,0,0,0,0,0,0
0,0,0,0,0,0,0
0,0,0,0,0,0,0
0,0,0,0,0,0,0
0,0,0,0,0,0,0
0,0,0,0,0,0,0
0,0,0,0,0,0,0
0,0,0,0,0,0,0
0,0,0,0,0,0,0
0,0,0,0,0,0,0
0,0,0,0,0,0,0
0,0,0,0,0,0,0
0,0,0,0,0,0,0
0,0,0,0,0,0,0
0,0,0,0,0,0,0
0,0,0,0,0,0,0
0,0,0,0,0,0,0
0,0,0,0,0,0,0
0,0,0,0,0,0,0
0,0,0,0,0,0,0
0,0,0,0,0,0,0
0,0,0,0,0,0,0
0,0,0,0,0,0,0
0,0,0,0,0,0,0
0,0,0,0,0,0,0
0,0,0,0,0,0,0
0,0,0,0,0,0,0
0,0,0,0,0,0,0
0,0,0,0,0,0,0
0,0,0,0,0,0,0
0,0,0,0,0,0,0
0,0,0,0,0,0,0
0,0,0,0,0,0,0
0,0,0,0,0,0,0
0,0,0,0,0,0,0
0,0,0,0,0,0,0
0,0,0,0,0,0,0
0,0,0,0,0,0,0
0,0,0,0,0,0,0
0,0,0,0,0,0,0
0,0,0,0,0,0,0
0,0,0,0,0,0,0
0,0,0,0,0,0,0
0,0,0,0,0,0,0
0,0,0,0,0,0,0
0,0,0,0,0,0,0
0,0,0,0,0,0,0
0,0,0,0,0,0,0
0,0,0,0,0,0,0
0,0,0,0,0,0,0
0,0,0,0,0,0,0
0,0,0,0,0,0,0
0,0,0,0,0,0,0
0,0,0,0,0,0,0
0,0,0,0,0,0,0
0,0,0,0,0,0,0
0,0,0,0,0,0,0
0,0,0,0,0,0,0
0,0,0,0,0,0,0
0,0,0,0,0,0,0
0,0,0,0,0,0,0
0,0,0,0,0,0,0
0,0,0,0,0,0,0
0,0,0,0,0,0,0
0,0,0,0,0,0,0
0,0,0,0,0,0,0
0,0,0,0,0,0,0
0,0,0,0,0,0,0
0,0,0,0,0,0,0
0,0,0,0,0,0,0
0,0,0,0,0,0,0
0,0,0,0,0,0,0
0,0,0,0,0,0,0
0,0,0,0,0,0,0
0.000321383878234873,0.000711813538305901,0.000273746785405258,0.000251215766144795,4.20007584278672e-05,1.90342280435805e-05,1.34497957384469e-05
0.000297751292194641,0.000735913908090169,0.000286942691546435,0.000129859582130125,5.66553022198204e-05,4.12173982313962e-05,3.12778970907612e-05
0.000267966472432032,0.000440211801694572,0.000398690827517857,0.000102632058451832,2.63574750235427e-05,1.58096081011949e-05,1.16409288555136e-05
0.000699414175505742,0.00028608544258557,0.000182836202861068,7.42612347111049e-05,1.34372018843475e-05,2.6635003189476e-06,1.22954711501234e-06
0.00157254585902705,0.00261512124343875,0.0030816209620964,0.00221998299073607,0.000338184161265689,5.14199679490634e-05,1.5487276373528e-05
0.000929252977294192,0.000927019950998192,0.000918048566541444,0.000451284973967708,9.99035154958801e-05,1.97440390756007e-05,8.54949566193052e-06
0.000996530423925561,0.00103488638848487,0.00107844736706358,0.000711417582214299,0.000699414175505742,0.000699414175505742,0.000699414175505742
0.000935657746331635,0.00120816858209721,0.00145457714618202,0.00107485065547817,0.000699414175505742,4.50804457830946e-06,3.84315431267875e-06
0.000940551912118464,0.000993106661668707,0.00102641821035799,0.000717230334836344,0.000699414175505742,1.91436307203456e-06,1.05093032523627e-06
0.00102399850011997,0.00120304683906869,0.00137911063730959,0.00104707976759068,0.000699414175505742,9.78821287158003e-07,8.81329149347496e-08
0.00180800642476134,0.00169897526655801,0.0026436531324917,0.00195176527840268,0.000699414175505742,0.000699414175505742,0.000699414175505742
0.00155892277112445,0.00161404486441937,0.00164034549459476,0.00108509699120836,0.000195539166659005,3.29489439523468e-05,1.21780759486421e-05
0.0002007834268379,0.000292098391216258,0.00030848843873275,0.000167606703689108,3.29995761214362e-05,8.22554196778576e-06,5.69829548791566e-06
0.000489098086285807,0.000981743704735416,0.000825591180801175,0.000373244653931259,8.51025171893234e-05,1.71074243042066e-05,7.45730467997468e-06
0.000410563540040582,0.000848043578211882,0.000900824936611736,0.00046271638498187,0.000145770625396226,3.49933713341142e-05,1.80370231947063e-05
0.00222850273958223,0.00224014286065998,0.00221049891197385,0.00130437441637749,0.00021605602643249,4.65290186972158e-05,2.33878855367357e-05
0.00269895463039609,0.00248410867092422,0.00404891112248239,0.00292536627677918,0.000822923462345359,0.000699414175505742,0.000699414175505742
0.00181916130466444,0.00155412911076341,0.00138046032927209,0.00154472835398039,0.000239643998307619,3.87344360144668e-05,1.5104575428185e-05
0.00413464209241786,0.00557044767226054,0.00531034312800175,0.00305484396309145,0.000397658058886615,6.14256880274324e-05,2.06983515829629e-05
0.00583531925959319,0.00412125686686796,0.00332508213134325,0.00179191771696583,0.000837653656431384,0.000699414175505742,0.000699414175505742
0.00733766735759385,0.00581914616609776,0.00501126802161429,0.00268752663893287,0.000707765615464158,0.000128314384982255,9.8947775970033e-05
0.00475215485523838,0.00659144379913912,0.00663782493190394,0.0039101700131867,0.000989622548413648,0.000699414175505742,0.000699414175505742
0.00374848451637856,0.00337040372662349,0.00310052512565389,0.00188656343073299,0.000389383081543751,7.58060308694284e-05,2.41553862015955e-05
0.00757052259482427,0.0100033066760875,0.010327612834135,0.00585091327827458,0.00140049237120288,0.000699414175505742,5.85600520052772e-05
0.0123950821867995,0.0153144824161399,0.0156269343982619,0.00783263997717348,0.00129653827166179,0.000176065363647007,7.31456846566177e-05
0.014353255545211,0.0123181848371463,0.0107155681223484,0.00510807935297697,0.00149891242031294,0.000699414175505742,0.000699414175505742
0.0144050223362417,0.0114685034696911,0.00967854251690461,0.00460808106256626,0.00160229513872816,0.000699414175505742,0.000699414175505742
0.00477575035189718,0.00353652828608219,0.00307817052811433,0.00169464089439019,0.000307009871340271,5.81112432662559e-05,1.53459819550665e-05
0.00822755925129253,0.00489464816379986,0.0037843781662886,0.00152279094051984,0.000272568077176531,5.95220696690834e-05,5.81765816270104e-05
0.00708097087705831,0.00849868450266431,0.00796576099186382,0.00209041173824218,0.000308625808259,5.13757294028587e-05,4.28840365126661e-05
0.00294655043554613,0.0039539049525883,0.00418858000060802,0.00141963218404903,0.000221474230138171,3.40879859316674e-05,1.07144272381561e-05
0.00024651752072851,0.000318473538343064,0.000211931010145072,9.59903289559488e-05,3.17339547730999e-05,1.5320411902115e-05,1.30079110228012e-05
0.000324724590534858,0.00047865866857783,0.000348725944958565,0.00012597750765522,3.0991922233537e-05,7.40100846048198e-06,4.77786455811268e-06
0.000759597887615553,0.000515545155754252,0.000400843489766021,0.000216319410586712,6.0351858250782e-05,8.16486969152823e-06,2.59148338477179e-06
0.0028063669372877,0.00361273613509396,0.00312149913103991,0.00162269240207282,0.000197322514240963,3.00510688903617e-05,1.01047058772469e-05
0.00361147263255326,0.00284287681745295,0.00256618607917453,0.0025774322374501,0.000739854587313199,0.000699414175505742,5.70718405820554e-05
0.0069307911334669,0.00509165228063163,0.00420142431800003,0.0037213943804114,0.000502039155201681,8.13164712088062e-05,2.94930068052189e-05
0.00688156792409298,0.00907221373445597,0.00928672633431352,0.00506967539888426,0.00123296143926284,0.000699414175505742,0.000699414175505742
0.00946134234702697,0.00579475736225247,0.00439790510376536,0.00238453374443244,0.000867601580284212,0.000699414175505742,0.000699414175505742
0.0200671445567583,0.014898756910443,0.0117932348451332,0.00578141602127872,0.00196660324308738,0.00111692172564354,0.00091982566222971
0.0166682260199722,0.0128768715365734,0.010432138816277,0.00502817549032055,0.00295025665469555,0.00189283672791563,0.000699414175505742
0.0121757651245945,0.00931382520064725,0.00783627894274307,0.00364773743957404,0.000823517246396777,0.000139657758429282,5.97418016927142e-05
0.000306078001025225,0.000414189662671404,0.000190016986141667,0.000106671634206527,4.01880088623063e-05,1.86324827455855e-05,1.59967996344347e-05
0.000770519754958122,0.000502811920092768,0.000320549141997891,0.000146344175450941,8.78731500460867e-05,2.73392370626459e-05,1.7934981550755e-05
0.00176170332120846,0.00113877128756163,0.000792493313094316,0.000284223126633088,7.19557105629058e-05,1.6397266810856e-05,8.0487278798875e-06
0.000374034272283835,0.000443382952213368,0.000228004868858654,9.44771061122479e-05,4.43541136333208e-05,2.54171088247733e-05,2.31336850333015e-05
0.000699414175505742,0.000228938377061873,0.000102232928907082,4.14976363556812e-05,1.52916856500832e-05,4.4543044508249e-06,3.17348951740429e-06
0.00133579269582604,0.00187690488248239,0.00212463571615869,0.00115474242576122,0.000699414175505742,0.000699414175505742,0.000699414175505742
0.00404832110942079,0.00529265800971443,0.0052600211527355,0.00256737222342461,0.000308813051622976,3.82754457556886e-05,1.31517610796332e-05
0.00247252800734851,0.00171736671625943,0.00134959996082382,0.000474966435156386,9.8913843789701e-05,1.88183144467739e-05,8.12916002940387e-06
0.00152518240594632,0.00106853459666077,0.000814957783985692,0.000267844635778319,4.66346062332e-05,8.82638099204439e-06,4.26874321703732e-06
0.000171272109864864,0.000198331673861876,4.96434794468924e-05,3.20904112651424e-05,2.39681628308137e-05,1.26060390688672e-05,1.15031377080226e-05
0.000699414175505742,0.000184632551878403,5.68423456554747e-05,2.00906349526668e-05,8.47428685001128e-06,2.43297751958741e-06,2.07921371166574e-06
0.0024500722411813,0.00196151882591909,0.0016764513501792,0.000781516607198492,0.000699414175505742,0.000699414175505742,5.58814918134434e-05
0.00283239618556937,0.0036756265569879,0.00370501747285942,0.00185572926802214,0.000699414175505742,0.000699414175505742,0.000699414175505742
0.00010905877971353,0.000126156314091082,7.44016313834076e-05,2.00708924974674e-05,8.09944675378965e-06,1.4041792478236e-06,1.37411773458147e-06
0.00031979700236341,0.000381817622253152,0.000250125072758533,0.000105648667449645,2.72208628741757e-05,6.00025421254294e-06,8.08602214627574e-07
0.00158536164493187,0.00205830965808858,0.00201236340282603,0.000988644350421244,0.000699414175505742,0.000699414175505742,0.000699414175505742
0.00115004891556956,0.000877913299516987,0.000701983191301382,0.000226352238324497,6.79142079869725e-05,1.99185918430052e-05,1.25349689255885e-05
0.00153110678540177,0.00123222788781826,0.00102103883128362,0.000330589524494509,5.49139579627522e-05,9.43334620959613e-06,1.27095332001514e-05
0.0011892579332947,0.00152870332080416,0.00159268421771207,0.000800131204078426,0.000699414175505742,0.000699414175505742,0.000699414175505742
7.73335563795795e-05,8.03268297252599e-05,5.42998474812778e-05,6.5998052555924e-06,0,0,0
0.000237970001611186,0.000253444461846656,0.000207008767216715,9.3406594080132e-05,1.80930257069682e-05,8.55707237805748e-06,7.14931563387783e-06
0.00224998873646448,0.00168832255241527,0.00134362207495892,0.000451441932820766,8.68633083837353e-05,1.14211011544414e-05,4.90461000826347e-06
0.00386718536864116,0.00246790070168856,0.00188712468393931,0.00082980839306704,0.000150343956878312,2.12149732538975e-05,8.1251786528119e-06
0.00354303441612735,0.00242308764580604,0.00183364935644447,0.00145226181256465,0.000699414175505742,5.46456347377258e-05,1.08435503950101e-05
0.00305136523419652,0.00242517505954942,0.00193130071523081,0.00124689003678906,0.000699414175505742,0.000699414175505742,0.000699414175505742
0.00105861900587533,0.000820621238177143,0.000496952931380257,0.000164897642083711,5.02341069522384e-05,9.58581892534392e-06,6.08906722824417e-06
0.000699414175505742,0.000699414175505742,0.000699414175505742,0.000699414175505742,2.39280909168528e-05,2.57656867308882e-06,1.97891440556313e-06
0.000112991377893732,0.000115043169085897,2.52150259979906e-05,1.71922583260905e-05,1.35566020541321e-05,6.01420404774823e-06,5.93394649934527e-06
0.000699414175505742,9.98483620732255e-05,2.55499450407756e-05,1.34239301563994e-05,2.3666628063315e-05,8.34371741025582e-06,3.2638538705272e-06
0.00112151578137575,0.000819911757831661,0.000487877019639976,0.000167641507584149,3.2582878910161e-05,4.98389467454466e-06,2.88082647604119e-06
0.00268762063431157,0.00335745490362076,0.00322669316726822,0.00145414360471403,0.000699414175505742,0.000699414175505742,0.000699414175505742
0.0065302917469492,0.0035687232076572,0.00274582516398211,0.000990191171013797,0.000176556329175185,5.03094619820683e-05,3.1875037226676e-05
0.00312105823427977,0.00163450331550481,0.00120857001921247,0.000421950289334339,0.000110832991419599,2.16173840047674e-05,1.30244738387843e-05
0.00487549972817261,0.00317231636380898,0.00234853654633544,0.00103893382386025,0.000181622032959773,2.6204903522673e-05,1.07387045048692e-05
0.00789454830973734,0.0085810566798259,0.0076078752150814,0.0016064321465448,0.000244863683968791,7.22029314069122e-05,3.94275154335932e-05
0.000110276727706587,0.000114777886570771,5.73917098349154e-05,5.47357467360146e-06,1.02312888887915e-06,9.6191797474665e-07,9.05979804108811e-07
5.04566088252063e-05,5.20257375133354e-05,1.3383346381901e-05,3.81597273933214e-06,7.48697713570665e-07,7.0843444247392e-07,0
4.22070430935727e-05,4.31617080361629e-05,1.20784481270014e-05,3.08759057945657e-06,0,0,0
1.98694842229845e-05,2.03384089909737e-05,4.11766435081275e-06,1.12437202394103e-06,0,0,0
0.000699414175505742,0.000699414175505742,0.000699414175505742,0.000699414175505742,2.74149582296793e-05,5.94855832108746e-06,5.03448713944112e-06
0.000699414175505742,6.49141995967588e-05,1.17556611587627e-05,6.36937588338445e-06,4.91098227881557e-06,2.79804663090904e-06,2.70606779189637e-06
0.000699414175505742,0.000699414175505742,0.000699414175505742,0.000699414175505742,0.000699414175505742,0.000699414175505742,0.000699414175505742
0.00198665092505463,0.00132493117342525,0.000936954241217999,0.000278983443129751,6.56188042343408e-05,1.33417437538454e-05,5.66680607987247e-06
0.00526628715487717,0.00614803173716265,0.00518230322223489,0.00230231525025726,0.000282343982253278,5.8521986536642e-05,2.36184873791255e-05
0.0107752780745421,0.00594427042818985,0.00440104935805633,0.00220465678872415,0.000351339082681798,9.84037237675208e-05,0.000113728890565631
0.00990001596280572,0.0105393509316194,0.00915587637448553,0.00491850414969387,0.000405011299012385,0.000169200557742485,0.00010633731471198
0.00774865359881045,0.00835995159326945,0.00684318586449708,0.00365002642010499,0.000298009135178994,0.000212864597778372,0.00014608285387053
0.00666568241878073,0.00733147614591322,0.00579185441716544,0.00179983069554881,0.000699414175505742,0.000699414175505742,0.000699414175505742
0.00172132069520292,0.000829980175204568,0.000482317575147104,0.000206659612703702,4.75938601954586e-05,4.96911660607453e-06,2.91338323433009e-06
0.00662628838322446,0.00703160188147174,0.0061781639168222,0.00234447042004075,0.000258541845314545,0.000120869939640856,8.03595615505564e-05
0.000699414175505742,8.87619054199034e-05,1.95847277196118e-05,1.75596696005385e-05,1.19507398852398e-05,9.26749538756808e-06,8.40750183688134e-06
0.000699414175505742,0.000119791661464414,4.48567470335294e-05,3.42673535459832e-05,1.76428670915231e-05,1.23100149435399e-05,1.10838636760649e-05
0.00113171791352925,0.00053270274682934,0.000331610252103515,0.000117004596800082,7.52006970361892e-05,4.62949126368681e-05,1.77348979689151e-05
0.0105222674995678,0.00736960300264188,0.00533216385542683,0.00273356037284771,0.000355812226806278,0.000183865497759184,0.000109620185516262
0.0150442854113171,0.00970473086921696,0.00698545736447292,0.00679137585297324,0.00363097721383216,0.00126243778231827,0.00096586390950477
0.0136057293483551,0.00762997307719026,0.00553803392457901,0.00311174076492102,0.00355577230109107,0.0012943661396749,0.00104296322070285
0.0371980693721328,0.0207950033229567,0.0156281109846729,0.00948631842722604,0.0114040350370303,0.00964532664793281,0.00886845714013158
0.000132125951105172,0.00013552495391585,1.62863144993285e-05,6.75396154266075e-06,1.01967197262025e-06,9.59948851890423e-07,9.05361650455446e-07
9.04767035792642e-05,9.45606541795768e-05,1.46422230116646e-05,5.0593219692449e-06,8.38465180789859e-07,7.86436348611833e-07,7.38940158598134e-07
5.58642191907266e-05,5.62904741580233e-05,7.27284046398365e-06,3.42397944002194e-06,0,0,0
0.0456563651330754,0.0289749338605817,0.0241012002396014,0.0150096958791145,0.0147317355365325,0.0110414340802009,0.00966069042159057
0.0199798577596554,0.0115285501348911,0.00898938040005479,0.0045134819601266,0.00180135483788255,0.00139345489813057,0.00126406363893045
0.00320504193540001,0.00359988505134143,0.00256984167392048,0.00041154837428819,9.52471359742208e-05,3.33507661566928e-05,2.26651455888709e-05
0.000178062801779926,0.000197884715398549,5.73382321858806e-05,6.71044308433915e-05,4.24728863435336e-05,3.8740061860131e-05,3.52153292841349e-05
0.000699414175505742,0.000191178358363041,0.00010328200630408,0.000178574523207605,7.45747407225058e-05,6.0131953426601e-05,2.26739533021274e-05
0.0155034265910671,0.0163859776139113,0.0140483656702544,0.0078265278603823,0.00178840947968223,0.00122631781205802,0.00108772808302739
0.00752198282214167,0.00792155878024925,0.00690771280162586,0.00388265127335407,0.000782585930798159,0.000699414175505742,0.000699414175505742
0.000699414175505742,0.000141043862501055,2.63061903507478e-05,4.87068351477146e-06,2.49667632710033e-07,1.23174388248164e-08,5.85772637832131e-10
6.17607574793742e-05,6.38753635718481e-05,5.48099288547325e-06,1.41392569343099e-06,0,0,0
0.000729361142650787,0.00039153202895834,0.000232981279420769,7.81657092144624e-05,1.87406251894233e-05,9.17506359644139e-06,7.20360279401064e-06
0.00110999342653231,0.00127342155042834,0.000829380661644583,0.000699414175505742,0.000699414175505742,0.000699414175505742,3.84776947868176e-05
0.000159874603916573,0.000204848317369069,0.000101531939414882,3.73885669697025e-05,1.04244057297863e-05,7.15573939896131e-06,6.27552354186191e-06
0.000699414175505742,0.000107009634159616,9.05835914705539e-05,3.55881031130225e-05,1.10496243086993e-05,3.63561787269846e-06,2.85718402001354e-06
0.000699414175505742,0.000190193045605673,6.60158839280603e-05,2.05365628174203e-05,3.48246333392325e-06,2.47445748146403e-06,2.33998553046629e-06
0.000699414175505742,0.000699414175505742,0.000699414175505742,7.01559399997802e-05,8.96206411551998e-06,4.85659634237802e-06,4.31139462571867e-06
0.000699414175505742,0.000242965955117709,8.27043796606537e-05,2.42022274279375e-05,2.87585288145293e-06,1.54355757549345e-06,1.40131203432768e-06
0.000699414175505742,0.000228077929819635,7.13269965601969e-05,1.45640908502304e-05,1.90356173972619e-06,2.39833693668991e-06,2.3371595179952e-06
0.0163428147286709,0.00875032780202808,0.00630665367428633,0.00372490503607347,0.0047224539033909,0.00396466696876179,0.00162953212265773
0.161373586760166,0.115117126856173,0.091698080099096,0.0930284235599113,0.0449843575003385,0.0314464160956944,0.0276472618352464
0.00872332663841082,0.00480181002670734,0.00327740245042507,0.0011401535882135,0.000279788103749414,0.00029572531836181,0.000199348753463167
0.00341598166473841,0.00412292947312044,0.00335470766364136,0.00103009376646771,0.000699414175505742,0.000699414175505742,0.000699414175505742
0.0631677929475277,0.0447640754858488,0.0389685713887112,0.0201566884903305,0.00711309759560107,0.00439811465999181,0.00378081909048404
0.0379212681020549,0.0402229115435839,0.0345536673187334,0.00936678878432529,0.00435449635058672,0.00350326853663286,0.00323437977817741
0.0175980448314933,0.0182999529612638,0.015471857557714,0.00412578036088865,0.00189050617719166,0.00149281730762273,0.0013633618105435
0.0103115031501927,0.00604739894702396,0.00442686615072667,0.00211125709438662,0.000978755485273503,0.000746523602323597,0.000522337698869373
0.00284274532340247,0.00178605529592448,0.00122169858562822,0.000358119738427192,8.57072651203717e-05,3.64714552776011e-05,2.71151117614499e-05
0.000869693294613331,0.000426310495347391,0.000267074274324146,0.000102998255163525,2.02279311891902e-05,7.32351860275843e-06,5.86185840473501e-06
0.000750074007723667,0.00035720738614613,0.000194889248062759,6.16386745199326e-05,1.11619952347327e-05,2.9344451816936e-06,2.18623749574933e-06
0.848032509328385,1,1,1,0.319794988075703,0.121910598157496,0.0680404660210936
0.000699414175505742,0.000117627444160984,3.4074948839991e-05,3.09014556116611e-05,1.92790493584873e-05,1.99898389560032e-05,1.81098509127425e-05
0.000699414175505742,0.000231831679814341,0.0001194868516352,9.5930577019024e-05,0.000105541353657433,0.000103368802843722,3.98268002937642e-05
0.00316966212735479,0.00223769593044493,0.0049816179220675,0.00367123619332576,0.00287623687252798,0.00257133935644796,0.00213403799886088
0.0596009891338715,0.0291292465291316,0.0229572690318479,0.0135232493392727,0.00803607161559205,0.00700807942274574,0.00660639386911443
0.00967925109860458,0.00507723014691649,0.00339016360635112,0.00177362114538724,0.000334035195391726,0.000161809505269078,0.000275097238850733
0.0202688849277498,0.01040072729887,0.00741084859289273,0.00412384472237269,0.00222907799696158,0.00176054400994026,0.00159654200070132
0.0339063533560545,0.0167291488176077,0.0127673266385703,0.00741667604923152,0.00425028862359913,0.00351825356443297,0.00325758231328975
6.92336004687873e-05,7.62801001671434e-05,1.40960710256788e-05,5.30162605195404e-06,0,0,0
0.000713938676229416,0.000366677007848165,0.000189970755607701,5.38458507588576e-05,6.02665491726318e-06,1.03827536303493e-06,6.51627224550397e-07
0.000125418884056474,0.000142185841751941,3.45014091055253e-05,1.17443904551121e-05,0,0,0
0.00295195301979682,0.00243519861400218,0.00210370284708255,0.000943221129220492,0.000159371002454589,3.69121127225135e-05,1.16916237741999e-05
0.00390078628016391,0.00478440818806518,0.00448678374477219,0.00195131812111407,0.000699414175505742,0.000699414175505742,0.000699414175505742
0.00304731135898402,0.00402381422304697,0.00421493132257232,0.00202513547149238,0.000699414175505742,0.000699414175505742,0.000699414175505742
0.00275275859402457,0.00385595936502108,0.00437343744976266,0.00241749379629102,0.000699414175505742,0.000699414175505742,0.000699414175505742
0.000699414175505742,0.000114660113877144,7.96530171849273e-05,7.11913055406599e-05,4.46893758541905e-05,5.12981488428445e-05,4.64057012440263e-05
0.00199545767937057,0.00127502246689415,0.00147857040378569,0.00129000157681943,0.00275516891804196,0.00253087978117441,0.00090499216571341
0.304638683659078,0.423190004571674,0.541924092638529,0.645943074835077,0.620894937209274,0.550474874693103,0.461428292663001
1,1,1,1,1,1,1
0.168657370301195,0.110566521811927,0.0864246497225759,0.0450776743172015,0.0402341198993399,0.0335503501008746,0.0312792079603892
0.699307461535076,0.862018400770152,0.96585755787163,0.597925344013518,0.144711292725729,0.0592386099001324,0.0427037221489749
0.0185436661086818,0.00951390082000381,0.00695431099305744,0.00911492164370042,0.00575677318923753,0.00467685659651587,0.00433236436147222
0.00997133303311251,0.00515339406727279,0.00353260832249278,0.00225891494044417,0.00340718133431625,0.00284675106786029,0.00262814167068184
0.0133536170044555,0.0150549226773558,0.0150080131336799,0.00708523424344468,0.00128697823884624,0.000699414175505742,0.000699414175505742
0.00609111481716328,0.00747456647713204,0.0073782141002863,0.00319698477976631,0.000704828995780651,0.000699414175505742,0.000699414175505742
0.0102815353463822,0.00521777492334638,0.00403731155191887,0.00323277926698127,0.0028150110087982,0.00271031042583879,0.00267638131504606
